 5.30000000000000E+0001
 5.10000000000000E+0001
 4.90000000000000E+0001
 4.70000000000000E+0001
 4.40000000000000E+0001
 3.80000000000000E+0001
 3.70000000000000E+0001
 3.30000000000000E+0001
 3.30000000000000E+0001
 3.80000000000000E+0001
 4.20000000000000E+0001
 4.70000000000000E+0001
 4.70000000000000E+0001
 5.00000000000000E+0001
 4.90000000000000E+0001
 4.90000000000000E+0001
 5.00000000000000E+0001
 4.50000000000000E+0001
 4.20000000000000E+0001
 3.70000000000000E+0001
 2.60000000000000E+0001
 2.60000000000000E+0001
 2.50000000000000E+0001
 2.80000000000000E+0001
 2.80000000000000E+0001
 2.60000000000000E+0001
 3.20000000000000E+0001
 2.90000000000000E+0001
 2.50000000000000E+0001
 1.70000000000000E+0001
 1.30000000000000E+0001
 1.30000000000000E+0001
 1.20000000000000E+0001
 1.00000000000000E+0001
 9.00000000000000E+0000
 4.00000000000000E+0000
 8.00000000000000E+0000
 1.50000000000000E+0001
 1.60000000000000E+0001
 2.00000000000000E+0001
 1.80000000000000E+0001
 2.50000000000000E+0001
 2.30000000000000E+0001
 1.90000000000000E+0001
 1.30000000000000E+0001
 7.00000000000000E+0000
 4.00000000000000E+0000
 8.00000000000000E+0000
 6.00000000000000E+0000
 1.00000000000000E+0001
 1.50000000000000E+0001
 1.90000000000000E+0001
 2.70000000000000E+0001
 3.10000000000000E+0001
 3.50000000000000E+0001
 4.10000000000000E+0001
 4.00000000000000E+0001
 3.80000000000000E+0001
 3.70000000000000E+0001
 3.60000000000000E+0001
 3.50000000000000E+0001
 3.80000000000000E+0001
 4.10000000000000E+0001
 4.40000000000000E+0001
 4.80000000000000E+0001
 5.50000000000000E+0001
 5.70000000000000E+0001
 6.10000000000000E+0001
 5.60000000000000E+0001
 4.30000000000000E+0001
 3.30000000000000E+0001
 2.40000000000000E+0001
 1.60000000000000E+0001
 8.00000000000000E+0000
 3.00000000000000E+0000
 9.00000000000000E+0000
 1.60000000000000E+0001
 2.20000000000000E+0001
 2.80000000000000E+0001
 2.90000000000000E+0001
 2.50000000000000E+0001
 2.20000000000000E+0001
 1.90000000000000E+0001
 1.90000000000000E+0001
 1.50000000000000E+0001
 2.10000000000000E+0001
 1.10000000000000E+0001
 1.30000000000000E+0001
 8.00000000000000E+0000
 8.00000000000000E+0000
 2.00000000000000E+0000
 1.00000000000000E+0000
-1.00000000000000E+0000
 0.00000000000000E+0000
 1.00000000000000E+0000
-1.00000000000000E+0000
 2.00000000000000E+0000
 2.00000000000000E+0000
 9.00000000000000E+0000
 9.00000000000000E+0000
 1.00000000000000E+0001
 6.00000000000000E+0000
 3.00000000000000E+0000
-9.00000000000000E+0000
-1.90000000000000E+0001
-2.10000000000000E+0001
-1.80000000000000E+0001
-1.80000000000000E+0001
-1.00000000000000E+0001
-1.00000000000000E+0001
-7.00000000000000E+0000
-1.00000000000000E+0001
-9.00000000000000E+0000
-5.00000000000000E+0000
-6.00000000000000E+0000
-6.00000000000000E+0000
-5.00000000000000E+0000
-1.00000000000000E+0001
-1.60000000000000E+0001
-1.80000000000000E+0001
-1.70000000000000E+0001
-8.00000000000000E+0000
-3.00000000000000E+0000
-2.00000000000000E+0000
 2.00000000000000E+0000
-2.00000000000000E+0000
-3.00000000000000E+0000
-6.00000000000000E+0000
 1.00000000000000E+0000
 6.00000000000000E+0000
 1.80000000000000E+0001
 2.40000000000000E+0001
 2.00000000000000E+0001
 1.30000000000000E+0001
 9.00000000000000E+0000
 6.00000000000000E+0000
 3.00000000000000E+0000
 3.00000000000000E+0000
 1.30000000000000E+0001
 2.20000000000000E+0001
 2.40000000000000E+0001
 2.50000000000000E+0001
 2.60000000000000E+0001
 2.80000000000000E+0001
 2.90000000000000E+0001
 2.80000000000000E+0001
 2.20000000000000E+0001
 1.80000000000000E+0001
 1.80000000000000E+0001
 2.60000000000000E+0001
 2.90000000000000E+0001
 2.90000000000000E+0001
 3.50000000000000E+0001
 3.50000000000000E+0001
 4.40000000000000E+0001
 4.50000000000000E+0001
 5.30000000000000E+0001
 5.80000000000000E+0001
 5.90000000000000E+0001
 5.80000000000000E+0001
 6.00000000000000E+0001
 5.70000000000000E+0001
 5.00000000000000E+0001
 4.80000000000000E+0001
 4.40000000000000E+0001
 4.70000000000000E+0001
 5.00000000000000E+0001
 5.20000000000000E+0001
 5.40000000000000E+0001
 5.60000000000000E+0001
 6.00000000000000E+0001
 5.90000000000000E+0001
 5.90000000000000E+0001
 5.50000000000000E+0001
 5.30000000000000E+0001
 5.40000000000000E+0001
 5.20000000000000E+0001
 5.40000000000000E+0001
 4.90000000000000E+0001
 4.60000000000000E+0001
 4.20000000000000E+0001
 4.00000000000000E+0001
 3.20000000000000E+0001
 3.00000000000000E+0001
 2.80000000000000E+0001
 2.10000000000000E+0001
 1.30000000000000E+0001
 1.20000000000000E+0001
 7.00000000000000E+0000
 7.00000000000000E+0000
 5.00000000000000E+0000
 4.00000000000000E+0000
 1.00000000000000E+0000
-3.00000000000000E+0000
 0.00000000000000E+0000
 0.00000000000000E+0000
-1.00000000000000E+0000
 2.00000000000000E+0000
 0.00000000000000E+0000
-9.00000000000000E+0000
-1.00000000000000E+0001
-1.30000000000000E+0001
-9.00000000000000E+0000
-6.00000000000000E+0000
 0.00000000000000E+0000
 5.00000000000000E+0000
 7.00000000000000E+0000
 1.30000000000000E+0001
 9.00000000000000E+0000
 1.10000000000000E+0001
 6.00000000000000E+0000
 6.00000000000000E+0000
 6.00000000000000E+0000
 1.00000000000000E+0000
 2.00000000000000E+0000
 3.00000000000000E+0000
 2.00000000000000E+0000
 9.00000000000000E+0000
 1.70000000000000E+0001
 2.20000000000000E+0001
 2.30000000000000E+0001
 1.00000000000000E+0001
 8.00000000000000E+0000
 8.00000000000000E+0000
 1.20000000000000E+0001
 1.50000000000000E+0001
 1.10000000000000E+0001
 1.10000000000000E+0001
 7.00000000000000E+0000
-1.00000000000000E+0000
-4.00000000000000E+0000
-8.00000000000000E+0000
-1.20000000000000E+0001
-1.30000000000000E+0001
-1.40000000000000E+0001
-9.00000000000000E+0000
 1.00000000000000E+0000
 6.00000000000000E+0000
 8.00000000000000E+0000
 9.00000000000000E+0000
 1.00000000000000E+0001
-1.00000000000000E+0000
-2.00000000000000E+0000
-5.00000000000000E+0000
-7.00000000000000E+0000
-3.00000000000000E+0000
-5.00000000000000E+0000
-1.10000000000000E+0001
-2.40000000000000E+0001
-3.40000000000000E+0001
-3.60000000000000E+0001
-3.70000000000000E+0001
-3.90000000000000E+0001
-2.90000000000000E+0001
-2.60000000000000E+0001
-2.20000000000000E+0001
-2.70000000000000E+0001
-3.30000000000000E+0001
-3.60000000000000E+0001
-4.00000000000000E+0001
-3.40000000000000E+0001
-3.80000000000000E+0001
-4.10000000000000E+0001
-3.60000000000000E+0001
-3.50000000000000E+0001
-3.70000000000000E+0001
-3.60000000000000E+0001
-3.20000000000000E+0001
-2.50000000000000E+0001
-2.30000000000000E+0001
-1.40000000000000E+0001
-1.00000000000000E+0001
-6.00000000000000E+0000
-1.00000000000000E+0000
 0.00000000000000E+0000
 2.00000000000000E+0000
-1.00000000000000E+0000
 0.00000000000000E+0000
 3.00000000000000E+0000
 7.00000000000000E+0000
 1.30000000000000E+0001
 1.80000000000000E+0001
 1.60000000000000E+0001
 1.70000000000000E+0001
 2.40000000000000E+0001
 2.20000000000000E+0001
 1.60000000000000E+0001
 1.00000000000000E+0001
 9.00000000000000E+0000
 0.00000000000000E+0000
-5.00000000000000E+0000
-1.70000000000000E+0001
-3.00000000000000E+0001
-2.40000000000000E+0001
-2.30000000000000E+0001
-2.20000000000000E+0001
-2.10000000000000E+0001
-1.90000000000000E+0001
-1.60000000000000E+0001
-1.70000000000000E+0001
-2.60000000000000E+0001
-2.30000000000000E+0001
-2.90000000000000E+0001
-2.70000000000000E+0001
-2.10000000000000E+0001
-1.50000000000000E+0001
-7.00000000000000E+0000
-3.00000000000000E+0000
 7.00000000000000E+0000
 6.00000000000000E+0000
 5.00000000000000E+0000
 9.00000000000000E+0000
 8.00000000000000E+0000
 1.20000000000000E+0001
 1.60000000000000E+0001
 1.70000000000000E+0001
 1.70000000000000E+0001
 1.40000000000000E+0001
 1.40000000000000E+0001
 2.20000000000000E+0001
 2.60000000000000E+0001
 1.90000000000000E+0001
 1.40000000000000E+0001
 6.00000000000000E+0000
 7.00000000000000E+0000
 9.00000000000000E+0000
 1.30000000000000E+0001
 1.30000000000000E+0001
 1.80000000000000E+0001
 2.90000000000000E+0001
 3.80000000000000E+0001
 5.00000000000000E+0001
 5.00000000000000E+0001
 4.70000000000000E+0001
 4.10000000000000E+0001
 3.40000000000000E+0001
 3.40000000000000E+0001
 3.70000000000000E+0001
 3.60000000000000E+0001
 3.70000000000000E+0001
 3.70000000000000E+0001
 3.10000000000000E+0001
 3.20000000000000E+0001
 2.80000000000000E+0001
 1.70000000000000E+0001
 8.00000000000000E+0000
 3.00000000000000E+0000
 9.00000000000000E+0000
 1.40000000000000E+0001
 1.20000000000000E+0001
 1.30000000000000E+0001
 1.00000000000000E+0001
 1.30000000000000E+0001
 1.70000000000000E+0001
 2.30000000000000E+0001
 2.60000000000000E+0001
 3.20000000000000E+0001
 3.30000000000000E+0001
 3.40000000000000E+0001
 3.50000000000000E+0001
 4.00000000000000E+0001
 4.40000000000000E+0001
 4.50000000000000E+0001
 5.90000000000000E+0001
 6.30000000000000E+0001
 6.90000000000000E+0001
 6.50000000000000E+0001
 5.40000000000000E+0001
 4.70000000000000E+0001
 4.10000000000000E+0001
 4.10000000000000E+0001
 4.00000000000000E+0001
 3.40000000000000E+0001
 2.50000000000000E+0001
 2.10000000000000E+0001
 2.20000000000000E+0001
 2.30000000000000E+0001
 1.90000000000000E+0001
 1.80000000000000E+0001
 1.20000000000000E+0001
 1.30000000000000E+0001
 1.20000000000000E+0001
 1.60000000000000E+0001
 1.70000000000000E+0001
 2.10000000000000E+0001
 2.40000000000000E+0001
 1.90000000000000E+0001
 1.80000000000000E+0001
 1.30000000000000E+0001
 1.30000000000000E+0001
 1.40000000000000E+0001
 2.30000000000000E+0001
 2.40000000000000E+0001
 2.40000000000000E+0001
 2.20000000000000E+0001
 2.30000000000000E+0001
 2.60000000000000E+0001
 2.00000000000000E+0001
 1.50000000000000E+0001
 2.00000000000000E+0001
 3.00000000000000E+0001
 3.70000000000000E+0001
 4.00000000000000E+0001
 4.00000000000000E+0001
 4.10000000000000E+0001
 4.20000000000000E+0001
 4.60000000000000E+0001
 4.90000000000000E+0001
 5.20000000000000E+0001
 5.50000000000000E+0001
 4.90000000000000E+0001
 4.50000000000000E+0001
 4.30000000000000E+0001
 4.00000000000000E+0001
 4.00000000000000E+0001
 3.50000000000000E+0001
 2.90000000000000E+0001
 2.20000000000000E+0001
 1.00000000000000E+0001
 4.00000000000000E+0000
 2.00000000000000E+0000
 3.00000000000000E+0000
 3.00000000000000E+0000
 4.00000000000000E+0000
 2.00000000000000E+0000
-1.00000000000000E+0000
-1.00000000000000E+0000
-6.00000000000000E+0000
-8.00000000000000E+0000
-1.10000000000000E+0001
-1.60000000000000E+0001
-1.70000000000000E+0001
-1.20000000000000E+0001
-1.00000000000000E+0001
 4.00000000000000E+0000
 9.00000000000000E+0000
 9.00000000000000E+0000
 7.00000000000000E+0000
-2.00000000000000E+0000
-1.20000000000000E+0001
-1.80000000000000E+0001
-2.60000000000000E+0001
-2.60000000000000E+0001
-2.50000000000000E+0001
-1.80000000000000E+0001
-1.20000000000000E+0001
-1.60000000000000E+0001
-2.10000000000000E+0001
-2.10000000000000E+0001
-2.40000000000000E+0001
-2.60000000000000E+0001
-2.30000000000000E+0001
-1.60000000000000E+0001
-4.00000000000000E+0000
-1.00000000000000E+0000
-1.00000000000000E+0000
 4.00000000000000E+0000
 5.00000000000000E+0000
 1.30000000000000E+0001
 2.00000000000000E+0001
 2.40000000000000E+0001
 2.70000000000000E+0001
 3.10000000000000E+0001
 3.40000000000000E+0001
 4.40000000000000E+0001
 4.70000000000000E+0001
 5.10000000000000E+0001
 5.70000000000000E+0001
 5.80000000000000E+0001
 5.70000000000000E+0001
 5.10000000000000E+0001
 4.50000000000000E+0001
 4.40000000000000E+0001
 3.80000000000000E+0001
 3.00000000000000E+0001
 2.10000000000000E+0001
 1.40000000000000E+0001
 1.20000000000000E+0001
 1.40000000000000E+0001
 2.10000000000000E+0001
 2.60000000000000E+0001
 3.20000000000000E+0001
 3.80000000000000E+0001
 4.40000000000000E+0001
 5.20000000000000E+0001
 6.80000000000000E+0001
 8.50000000000000E+0001
 9.60000000000000E+0001
 1.01000000000000E+0002
 1.04000000000000E+0002
 1.03000000000000E+0002
 1.00000000000000E+0002
 9.40000000000000E+0001
 8.70000000000000E+0001
 8.30000000000000E+0001
 8.70000000000000E+0001
 8.90000000000000E+0001
 8.70000000000000E+0001
 7.70000000000000E+0001
 7.00000000000000E+0001
 6.40000000000000E+0001
 5.70000000000000E+0001
 5.00000000000000E+0001
 4.40000000000000E+0001
 3.80000000000000E+0001
 2.80000000000000E+0001
 2.60000000000000E+0001
 2.00000000000000E+0001
 1.80000000000000E+0001
 1.30000000000000E+0001
 4.00000000000000E+0000
-4.00000000000000E+0000
-9.00000000000000E+0000
-1.50000000000000E+0001
-2.10000000000000E+0001
-2.30000000000000E+0001
-3.00000000000000E+0001
-2.40000000000000E+0001
-2.30000000000000E+0001
-2.00000000000000E+0001
-1.20000000000000E+0001
-2.00000000000000E+0000
-4.00000000000000E+0000
-2.00000000000000E+0000
 1.00000000000000E+0000
 1.00000000000000E+0000
 8.00000000000000E+0000
 1.20000000000000E+0001
 1.30000000000000E+0001
 1.00000000000000E+0001
 5.00000000000000E+0000
-1.00000000000000E+0000
-1.00000000000000E+0000
 1.00000000000000E+0000
 1.30000000000000E+0001
 1.90000000000000E+0001
 2.60000000000000E+0001
 2.70000000000000E+0001
 2.10000000000000E+0001
 2.00000000000000E+0001
 1.50000000000000E+0001
 1.30000000000000E+0001
 1.50000000000000E+0001
 1.30000000000000E+0001
 1.20000000000000E+0001
 1.50000000000000E+0001
 8.00000000000000E+0000
 6.00000000000000E+0000
 4.00000000000000E+0000
-2.00000000000000E+0000
-1.10000000000000E+0001
-1.70000000000000E+0001
-2.00000000000000E+0001
-2.10000000000000E+0001
-2.90000000000000E+0001
-3.20000000000000E+0001
-4.00000000000000E+0001
-4.00000000000000E+0001
-3.50000000000000E+0001
-3.80000000000000E+0001
-3.80000000000000E+0001
-4.20000000000000E+0001
-3.90000000000000E+0001
-3.90000000000000E+0001
-3.80000000000000E+0001
-4.10000000000000E+0001
-3.40000000000000E+0001
-3.30000000000000E+0001
-2.60000000000000E+0001
-2.10000000000000E+0001
-1.70000000000000E+0001
-1.90000000000000E+0001
-1.30000000000000E+0001
-1.20000000000000E+0001
-1.70000000000000E+0001
-1.50000000000000E+0001
-1.30000000000000E+0001
-1.00000000000000E+0000
 6.00000000000000E+0000
 1.00000000000000E+0001
 8.00000000000000E+0000
 9.00000000000000E+0000
 6.00000000000000E+0000
 1.10000000000000E+0001
 0.00000000000000E+0000
 0.00000000000000E+0000
-2.00000000000000E+0000
-9.00000000000000E+0000
-1.30000000000000E+0001
-1.10000000000000E+0001
-8.00000000000000E+0000
-1.00000000000000E+0000
 0.00000000000000E+0000
-2.00000000000000E+0000
-1.20000000000000E+0001
-1.90000000000000E+0001
-1.80000000000000E+0001
-6.00000000000000E+0000
 0.00000000000000E+0000
 7.00000000000000E+0000
 8.00000000000000E+0000
 8.00000000000000E+0000
 5.00000000000000E+0000
 7.00000000000000E+0000
 1.40000000000000E+0001
 2.10000000000000E+0001
 2.60000000000000E+0001
 2.40000000000000E+0001
 2.30000000000000E+0001
 1.60000000000000E+0001
 9.00000000000000E+0000
 8.00000000000000E+0000
 6.00000000000000E+0000
 1.10000000000000E+0001
 1.90000000000000E+0001
 3.00000000000000E+0001
 3.60000000000000E+0001
 3.60000000000000E+0001
 3.30000000000000E+0001
 2.70000000000000E+0001
 2.90000000000000E+0001
 3.00000000000000E+0001
 3.20000000000000E+0001
 3.20000000000000E+0001
 3.20000000000000E+0001
 3.60000000000000E+0001
 3.90000000000000E+0001
 3.80000000000000E+0001
 3.50000000000000E+0001
 3.30000000000000E+0001
 2.80000000000000E+0001
 2.10000000000000E+0001
 1.10000000000000E+0001
 5.00000000000000E+0000
 2.00000000000000E+0000
 7.00000000000000E+0000
 6.00000000000000E+0000
 8.00000000000000E+0000
-1.00000000000000E+0000
-8.00000000000000E+0000
-1.80000000000000E+0001
-1.50000000000000E+0001
-9.00000000000000E+0000
-8.00000000000000E+0000
-5.00000000000000E+0000
-1.00000000000000E+0000
 6.00000000000000E+0000
 1.10000000000000E+0001
 1.20000000000000E+0001
 7.00000000000000E+0000
 3.00000000000000E+0000
 0.00000000000000E+0000
-4.00000000000000E+0000
-4.00000000000000E+0000
-7.00000000000000E+0000
-4.00000000000000E+0000
 2.00000000000000E+0000
 9.00000000000000E+0000
 1.40000000000000E+0001
 1.90000000000000E+0001
 1.20000000000000E+0001
 6.00000000000000E+0000
 7.00000000000000E+0000
 9.00000000000000E+0000
 1.50000000000000E+0001
 1.40000000000000E+0001
 1.60000000000000E+0001
 1.90000000000000E+0001
 2.30000000000000E+0001
 2.90000000000000E+0001
 3.20000000000000E+0001
 3.10000000000000E+0001
 2.50000000000000E+0001
 2.50000000000000E+0001
 2.50000000000000E+0001
 2.30000000000000E+0001
 2.00000000000000E+0001
 2.10000000000000E+0001
 2.30000000000000E+0001
 2.60000000000000E+0001
 2.60000000000000E+0001
 2.70000000000000E+0001
 3.10000000000000E+0001
 3.00000000000000E+0001
 2.90000000000000E+0001
 2.50000000000000E+0001
 2.70000000000000E+0001
 3.10000000000000E+0001
 3.60000000000000E+0001
 3.00000000000000E+0001
 3.00000000000000E+0001
 2.50000000000000E+0001
 2.40000000000000E+0001
 2.50000000000000E+0001
 2.40000000000000E+0001
 2.30000000000000E+0001
 1.60000000000000E+0001
 1.40000000000000E+0001
 1.20000000000000E+0001
 9.00000000000000E+0000
 7.00000000000000E+0000
 1.00000000000000E+0001
 8.00000000000000E+0000
 1.10000000000000E+0001
 1.50000000000000E+0001
 1.60000000000000E+0001
 1.90000000000000E+0001
 1.80000000000000E+0001
 2.30000000000000E+0001
 2.80000000000000E+0001
 3.70000000000000E+0001
 4.50000000000000E+0001
 5.10000000000000E+0001
 6.00000000000000E+0001
 6.20000000000000E+0001
 6.60000000000000E+0001
 6.70000000000000E+0001
 5.80000000000000E+0001
 5.10000000000000E+0001
 4.30000000000000E+0001
 3.60000000000000E+0001
 2.50000000000000E+0001
 2.10000000000000E+0001
 2.20000000000000E+0001
 2.30000000000000E+0001
 3.40000000000000E+0001
 3.60000000000000E+0001
 3.30000000000000E+0001
 3.00000000000000E+0001
 3.20000000000000E+0001
 3.10000000000000E+0001
 3.60000000000000E+0001
 3.60000000000000E+0001
 3.40000000000000E+0001
 2.70000000000000E+0001
 2.50000000000000E+0001
 2.40000000000000E+0001
 2.20000000000000E+0001
 2.20000000000000E+0001
 2.10000000000000E+0001
 2.00000000000000E+0001
 1.40000000000000E+0001
 1.10000000000000E+0001
 9.00000000000000E+0000
 3.00000000000000E+0000
-3.00000000000000E+0000
-9.00000000000000E+0000
-9.00000000000000E+0000
-1.40000000000000E+0001
-1.00000000000000E+0001
-8.00000000000000E+0000
-8.00000000000000E+0000
-1.00000000000000E+0001
-1.80000000000000E+0001
-2.10000000000000E+0001
-2.40000000000000E+0001
-2.30000000000000E+0001
-1.70000000000000E+0001
-1.50000000000000E+0001
-1.00000000000000E+0001
-5.00000000000000E+0000
-4.00000000000000E+0000
-1.10000000000000E+0001
-1.80000000000000E+0001
-2.50000000000000E+0001
-2.30000000000000E+0001
-2.40000000000000E+0001
-2.00000000000000E+0001
-2.10000000000000E+0001
-1.10000000000000E+0001
 0.00000000000000E+0000
 1.00000000000000E+0001
-1.00000000000000E+0000
-4.00000000000000E+0000
-1.00000000000000E+0001
-9.00000000000000E+0000
-1.40000000000000E+0001
-1.70000000000000E+0001
-8.00000000000000E+0000
 2.00000000000000E+0000
 8.00000000000000E+0000
 1.00000000000000E+0001
 1.00000000000000E+0001
 1.40000000000000E+0001
 1.60000000000000E+0001
 1.40000000000000E+0001
 4.00000000000000E+0000
-5.00000000000000E+0000
-1.20000000000000E+0001
-1.60000000000000E+0001
-1.70000000000000E+0001
-9.00000000000000E+0000
-9.00000000000000E+0000
-1.00000000000000E+0001
-1.00000000000000E+0001
-5.00000000000000E+0000
-5.00000000000000E+0000
-2.00000000000000E+0000
 2.00000000000000E+0000
 3.00000000000000E+0000
 8.00000000000000E+0000
 4.00000000000000E+0000
 0.00000000000000E+0000
-7.00000000000000E+0000
-9.00000000000000E+0000
-1.00000000000000E+0000
 9.00000000000000E+0000
 1.70000000000000E+0001
 2.50000000000000E+0001
 3.40000000000000E+0001
 3.50000000000000E+0001
 3.70000000000000E+0001
 3.30000000000000E+0001
 3.00000000000000E+0001
 2.20000000000000E+0001
 1.60000000000000E+0001
 9.00000000000000E+0000
 4.00000000000000E+0000
 1.00000000000000E+0000
 0.00000000000000E+0000
 5.00000000000000E+0000
 1.10000000000000E+0001
 1.60000000000000E+0001
 1.70000000000000E+0001
 8.00000000000000E+0000
 3.00000000000000E+0000
-7.00000000000000E+0000
-4.00000000000000E+0000
-2.00000000000000E+0000
 2.00000000000000E+0000
 1.00000000000000E+0000
 1.00000000000000E+0000
 4.00000000000000E+0000
 1.30000000000000E+0001
 2.10000000000000E+0001
 2.60000000000000E+0001
 2.90000000000000E+0001
 2.80000000000000E+0001
 3.50000000000000E+0001
 3.70000000000000E+0001
 3.90000000000000E+0001
 3.90000000000000E+0001
 4.00000000000000E+0001
 3.70000000000000E+0001
 3.30000000000000E+0001
 3.20000000000000E+0001
 2.70000000000000E+0001
 3.50000000000000E+0001
 3.50000000000000E+0001
 3.00000000000000E+0001
 2.80000000000000E+0001
 2.10000000000000E+0001
 1.60000000000000E+0001
 1.20000000000000E+0001
 1.20000000000000E+0001
 1.30000000000000E+0001
 1.40000000000000E+0001
 1.30000000000000E+0001
 1.40000000000000E+0001
 1.60000000000000E+0001
 2.30000000000000E+0001
 2.80000000000000E+0001
 2.60000000000000E+0001
 2.40000000000000E+0001
 2.40000000000000E+0001
 2.50000000000000E+0001
 2.00000000000000E+0001
 2.10000000000000E+0001
 1.90000000000000E+0001
 1.50000000000000E+0001
 7.00000000000000E+0000
-1.00000000000000E+0000
-5.00000000000000E+0000
-1.00000000000000E+0000
-6.00000000000000E+0000
 2.00000000000000E+0000
 6.00000000000000E+0000
 8.00000000000000E+0000
 1.20000000000000E+0001
 1.70000000000000E+0001
 2.60000000000000E+0001
 3.20000000000000E+0001
 3.80000000000000E+0001
 3.80000000000000E+0001
 3.60000000000000E+0001
 3.30000000000000E+0001
 2.70000000000000E+0001
 1.90000000000000E+0001
 1.10000000000000E+0001
 1.30000000000000E+0001
 1.20000000000000E+0001
 1.80000000000000E+0001
 1.90000000000000E+0001
 1.50000000000000E+0001
 1.10000000000000E+0001
 1.00000000000000E+0001
 1.40000000000000E+0001
 1.70000000000000E+0001
 2.20000000000000E+0001
 2.60000000000000E+0001
 3.40000000000000E+0001
 3.70000000000000E+0001
 4.10000000000000E+0001
 4.00000000000000E+0001
 3.80000000000000E+0001
 2.90000000000000E+0001
 2.50000000000000E+0001
 1.80000000000000E+0001
 1.20000000000000E+0001
 1.30000000000000E+0001
 1.50000000000000E+0001
 1.60000000000000E+0001
 1.80000000000000E+0001
 1.70000000000000E+0001
 2.20000000000000E+0001
 2.20000000000000E+0001
 2.70000000000000E+0001
 2.60000000000000E+0001
 2.40000000000000E+0001
 1.80000000000000E+0001
 1.50000000000000E+0001
 1.70000000000000E+0001
 1.80000000000000E+0001
 2.00000000000000E+0001
 1.90000000000000E+0001
 1.40000000000000E+0001
 1.00000000000000E+0000
-1.00000000000000E+0000
-1.10000000000000E+0001
-1.10000000000000E+0001
-7.00000000000000E+0000
-1.40000000000000E+0001
-1.20000000000000E+0001
-1.30000000000000E+0001
-7.00000000000000E+0000
-1.40000000000000E+0001
-1.70000000000000E+0001
-1.00000000000000E+0001
-1.50000000000000E+0001
-2.20000000000000E+0001
-2.70000000000000E+0001
-2.20000000000000E+0001
-1.70000000000000E+0001
-6.00000000000000E+0000
-1.00000000000000E+0000
 4.00000000000000E+0000
 8.00000000000000E+0000
 7.00000000000000E+0000
 6.00000000000000E+0000
 1.00000000000000E+0001
 1.10000000000000E+0001
 1.30000000000000E+0001
 1.20000000000000E+0001
 9.00000000000000E+0000
 1.20000000000000E+0001
 1.50000000000000E+0001
 2.20000000000000E+0001
 2.20000000000000E+0001
 2.40000000000000E+0001
 2.80000000000000E+0001
 2.70000000000000E+0001
 3.20000000000000E+0001
 3.20000000000000E+0001
 3.40000000000000E+0001
 4.10000000000000E+0001
 5.10000000000000E+0001
 5.60000000000000E+0001
 5.60000000000000E+0001
 5.10000000000000E+0001
 4.30000000000000E+0001
 3.90000000000000E+0001
 3.80000000000000E+0001
 4.20000000000000E+0001
 4.10000000000000E+0001
 3.80000000000000E+0001
 3.10000000000000E+0001
 1.80000000000000E+0001
 1.00000000000000E+0000
-6.00000000000000E+0000
-1.20000000000000E+0001
-1.60000000000000E+0001
-2.00000000000000E+0001
-1.20000000000000E+0001
-1.60000000000000E+0001
-1.40000000000000E+0001
-8.00000000000000E+0000
-5.00000000000000E+0000
-4.00000000000000E+0000
-6.00000000000000E+0000
-1.00000000000000E+0000
 0.00000000000000E+0000
 7.00000000000000E+0000
 9.00000000000000E+0000
 1.00000000000000E+0001
 8.00000000000000E+0000
 1.10000000000000E+0001
 1.40000000000000E+0001
 1.20000000000000E+0001
 8.00000000000000E+0000
 7.00000000000000E+0000
 8.00000000000000E+0000
 4.00000000000000E+0000
 7.00000000000000E+0000
 3.00000000000000E+0000
 3.00000000000000E+0000
 0.00000000000000E+0000
-1.00000000000000E+0000
-6.00000000000000E+0000
-1.70000000000000E+0001
-2.40000000000000E+0001
-2.30000000000000E+0001
-2.00000000000000E+0001
-1.90000000000000E+0001
-2.30000000000000E+0001
-2.20000000000000E+0001
-2.20000000000000E+0001
-1.90000000000000E+0001
-1.30000000000000E+0001
-8.00000000000000E+0000
-5.00000000000000E+0000
-1.00000000000000E+0000
-2.00000000000000E+0000
-2.00000000000000E+0000
-9.00000000000000E+0000
-7.00000000000000E+0000
-6.00000000000000E+0000
-4.00000000000000E+0000
-2.00000000000000E+0000
 2.00000000000000E+0000
 7.00000000000000E+0000
 1.10000000000000E+0001
 1.60000000000000E+0001
 1.70000000000000E+0001
 1.70000000000000E+0001
 1.60000000000000E+0001
 1.40000000000000E+0001
 1.00000000000000E+0001
 1.00000000000000E+0001
 7.00000000000000E+0000
 3.00000000000000E+0000
-1.00000000000000E+0000
 1.00000000000000E+0000
 6.00000000000000E+0000
 7.00000000000000E+0000
 8.00000000000000E+0000
 1.70000000000000E+0001
 2.70000000000000E+0001
 3.40000000000000E+0001
 3.70000000000000E+0001
 3.80000000000000E+0001
 3.60000000000000E+0001
 3.50000000000000E+0001
 3.90000000000000E+0001
 4.20000000000000E+0001
 5.00000000000000E+0001
 5.40000000000000E+0001
 5.10000000000000E+0001
 4.50000000000000E+0001
 3.40000000000000E+0001
 3.10000000000000E+0001
 3.00000000000000E+0001
 2.90000000000000E+0001
 3.20000000000000E+0001
 2.80000000000000E+0001
 2.70000000000000E+0001
 2.50000000000000E+0001
 2.00000000000000E+0001
 2.30000000000000E+0001
 1.70000000000000E+0001
 1.30000000000000E+0001
 1.30000000000000E+0001
 1.20000000000000E+0001
 1.80000000000000E+0001
 3.00000000000000E+0001
 3.70000000000000E+0001
 4.10000000000000E+0001
 4.10000000000000E+0001
 4.30000000000000E+0001
 4.20000000000000E+0001
 4.60000000000000E+0001
 4.90000000000000E+0001
 4.90000000000000E+0001
 4.50000000000000E+0001
 4.20000000000000E+0001
 4.20000000000000E+0001
 3.20000000000000E+0001
 3.20000000000000E+0001
 2.50000000000000E+0001
 2.90000000000000E+0001
 3.50000000000000E+0001
 4.40000000000000E+0001
 5.10000000000000E+0001
 4.80000000000000E+0001
 4.70000000000000E+0001
 4.40000000000000E+0001
 4.20000000000000E+0001
 4.30000000000000E+0001
 4.00000000000000E+0001
 3.80000000000000E+0001
 3.60000000000000E+0001
 3.40000000000000E+0001
 3.50000000000000E+0001
 3.00000000000000E+0001
 2.30000000000000E+0001
 2.10000000000000E+0001
 1.90000000000000E+0001
 1.60000000000000E+0001
 1.90000000000000E+0001
 2.10000000000000E+0001
 2.40000000000000E+0001
 2.40000000000000E+0001
 3.00000000000000E+0001
 3.40000000000000E+0001
 3.80000000000000E+0001
 3.90000000000000E+0001
 3.70000000000000E+0001
 2.70000000000000E+0001
 1.90000000000000E+0001
 1.70000000000000E+0001
 1.20000000000000E+0001
 1.50000000000000E+0001
 2.10000000000000E+0001
 2.80000000000000E+0001
 3.50000000000000E+0001
 3.80000000000000E+0001
 3.60000000000000E+0001
 2.90000000000000E+0001
 2.40000000000000E+0001
 2.30000000000000E+0001
 2.10000000000000E+0001
 2.50000000000000E+0001
 2.40000000000000E+0001
 2.70000000000000E+0001
 3.20000000000000E+0001
 3.80000000000000E+0001
 4.30000000000000E+0001
 4.30000000000000E+0001
 3.80000000000000E+0001
 3.50000000000000E+0001
 3.40000000000000E+0001
 2.30000000000000E+0001
 1.90000000000000E+0001
 1.80000000000000E+0001
 2.00000000000000E+0001
 1.70000000000000E+0001
 1.80000000000000E+0001
 1.50000000000000E+0001
 1.00000000000000E+0001
 1.00000000000000E+0001
 1.20000000000000E+0001
 1.50000000000000E+0001
 2.20000000000000E+0001
 2.60000000000000E+0001
 2.40000000000000E+0001
 2.50000000000000E+0001
 2.00000000000000E+0001
 1.80000000000000E+0001
 1.60000000000000E+0001
 1.40000000000000E+0001
 9.00000000000000E+0000
 1.00000000000000E+0000
-1.00000000000000E+0000
 1.00000000000000E+0000
 1.00000000000000E+0000
 2.00000000000000E+0000
 1.00000000000000E+0000
 1.00000000000000E+0000
-5.00000000000000E+0000
-6.00000000000000E+0000
-7.00000000000000E+0000
-1.00000000000000E+0000
 1.00000000000000E+0000
-5.00000000000000E+0000
-5.00000000000000E+0000
-8.00000000000000E+0000
-1.00000000000000E+0001
-1.50000000000000E+0001
-1.80000000000000E+0001
-1.90000000000000E+0001
-9.00000000000000E+0000
-6.00000000000000E+0000
-1.00000000000000E+0000
 1.00000000000000E+0000
-4.00000000000000E+0000
-3.00000000000000E+0000
-1.00000000000000E+0000
 2.00000000000000E+0000
 5.00000000000000E+0000
 3.00000000000000E+0000
 9.00000000000000E+0000
 1.40000000000000E+0001
 1.80000000000000E+0001
 1.90000000000000E+0001
 1.90000000000000E+0001
 2.10000000000000E+0001
 2.30000000000000E+0001
 1.90000000000000E+0001
 1.50000000000000E+0001
 9.00000000000000E+0000
 9.00000000000000E+0000
 1.00000000000000E+0001
 1.00000000000000E+0001
 6.00000000000000E+0000
 5.00000000000000E+0000
 1.00000000000000E+0001
 8.00000000000000E+0000
 6.00000000000000E+0000
 3.00000000000000E+0000
 7.00000000000000E+0000
 2.00000000000000E+0000
-2.00000000000000E+0000
-1.00000000000000E+0000
-2.00000000000000E+0000
 1.00000000000000E+0000
 9.00000000000000E+0000
 2.10000000000000E+0001
 3.00000000000000E+0001
 3.70000000000000E+0001
 4.40000000000000E+0001
 5.10000000000000E+0001
 5.20000000000000E+0001
 4.90000000000000E+0001
 3.90000000000000E+0001
 3.70000000000000E+0001
 3.30000000000000E+0001
 3.30000000000000E+0001
 3.20000000000000E+0001
 2.90000000000000E+0001
 3.00000000000000E+0001
 3.10000000000000E+0001
 4.00000000000000E+0001
 4.60000000000000E+0001
 5.20000000000000E+0001
 5.20000000000000E+0001
 5.00000000000000E+0001
 5.00000000000000E+0001
 5.30000000000000E+0001
 5.10000000000000E+0001
 4.30000000000000E+0001
 3.40000000000000E+0001
 2.60000000000000E+0001
 2.30000000000000E+0001
 2.70000000000000E+0001
 3.30000000000000E+0001
 3.40000000000000E+0001
 2.90000000000000E+0001
 2.00000000000000E+0001
 1.20000000000000E+0001
 6.00000000000000E+0000
 0.00000000000000E+0000
-1.00000000000000E+0000
 1.00000000000000E+0000
 7.00000000000000E+0000
 1.20000000000000E+0001
 1.50000000000000E+0001
 7.00000000000000E+0000
 5.00000000000000E+0000
 2.00000000000000E+0000
-5.00000000000000E+0000
-1.00000000000000E+0001
-1.10000000000000E+0001
-1.60000000000000E+0001
-1.40000000000000E+0001
-1.80000000000000E+0001
-1.80000000000000E+0001
-1.90000000000000E+0001
-1.20000000000000E+0001
-7.00000000000000E+0000
-1.00000000000000E+0000
 5.00000000000000E+0000
 1.30000000000000E+0001
 1.60000000000000E+0001
 1.20000000000000E+0001
 5.00000000000000E+0000
-2.00000000000000E+0000
-9.00000000000000E+0000
-1.50000000000000E+0001
-2.00000000000000E+0001
-2.10000000000000E+0001
-1.50000000000000E+0001
-7.00000000000000E+0000
-8.00000000000000E+0000
-1.20000000000000E+0001
-2.00000000000000E+0001
-2.20000000000000E+0001
-1.80000000000000E+0001
-1.50000000000000E+0001
-8.00000000000000E+0000
-5.00000000000000E+0000
-1.00000000000000E+0000
 5.00000000000000E+0000
 1.60000000000000E+0001
 2.10000000000000E+0001
 2.20000000000000E+0001
 2.40000000000000E+0001
 2.40000000000000E+0001
 1.80000000000000E+0001
 9.00000000000000E+0000
-5.00000000000000E+0000
-1.70000000000000E+0001
-3.10000000000000E+0001
-3.80000000000000E+0001
-4.40000000000000E+0001
-4.90000000000000E+0001
-5.30000000000000E+0001
-5.10000000000000E+0001
-4.60000000000000E+0001
-3.80000000000000E+0001
-3.00000000000000E+0001
-2.70000000000000E+0001
-2.50000000000000E+0001
-2.80000000000000E+0001
-3.90000000000000E+0001
-4.60000000000000E+0001
-5.00000000000000E+0001
-4.10000000000000E+0001
-2.60000000000000E+0001
-1.10000000000000E+0001
-4.00000000000000E+0000
 1.00000000000000E+0000
 1.00000000000000E+0000
 4.00000000000000E+0000
 0.00000000000000E+0000
 0.00000000000000E+0000
-1.00000000000000E+0000
-1.00000000000000E+0000
 2.00000000000000E+0000
 0.00000000000000E+0000
-8.00000000000000E+0000
 0.00000000000000E+0000
 6.00000000000000E+0000
 5.00000000000000E+0000
 1.30000000000000E+0001
 1.60000000000000E+0001
 2.50000000000000E+0001
 3.20000000000000E+0001
 4.40000000000000E+0001
 4.90000000000000E+0001
 5.00000000000000E+0001
 4.00000000000000E+0001
 2.80000000000000E+0001
 1.50000000000000E+0001
 1.00000000000000E+0000
-1.00000000000000E+0000
-8.00000000000000E+0000
-7.00000000000000E+0000
-1.90000000000000E+0001
-2.10000000000000E+0001
-1.70000000000000E+0001
-2.00000000000000E+0001
-2.40000000000000E+0001
-2.80000000000000E+0001
-3.30000000000000E+0001
-3.20000000000000E+0001
-2.20000000000000E+0001
-1.80000000000000E+0001
-3.00000000000000E+0000
 1.10000000000000E+0001
 1.40000000000000E+0001
 2.10000000000000E+0001
 1.90000000000000E+0001
 2.60000000000000E+0001
 2.70000000000000E+0001
 2.20000000000000E+0001
 2.10000000000000E+0001
 1.30000000000000E+0001
 1.70000000000000E+0001
 1.50000000000000E+0001
 1.30000000000000E+0001
 7.00000000000000E+0000
-1.00000000000000E+0000
-7.00000000000000E+0000
-1.70000000000000E+0001
-2.20000000000000E+0001
-2.10000000000000E+0001
-1.90000000000000E+0001
-2.10000000000000E+0001
-2.00000000000000E+0001
-1.60000000000000E+0001
-9.00000000000000E+0000
-4.00000000000000E+0000
-2.00000000000000E+0000
 1.00000000000000E+0000
-1.00000000000000E+0000
 0.00000000000000E+0000
 7.00000000000000E+0000
 2.50000000000000E+0001
 3.10000000000000E+0001
 3.30000000000000E+0001
 2.80000000000000E+0001
 2.50000000000000E+0001
 2.80000000000000E+0001
 1.60000000000000E+0001
 1.50000000000000E+0001
 7.00000000000000E+0000
 4.00000000000000E+0000
 3.00000000000000E+0000
-6.00000000000000E+0000
-7.00000000000000E+0000
 6.00000000000000E+0000
 1.30000000000000E+0001
 2.50000000000000E+0001
 3.00000000000000E+0001
 2.90000000000000E+0001
 2.60000000000000E+0001
 2.90000000000000E+0001
 3.00000000000000E+0001
 3.70000000000000E+0001
 3.80000000000000E+0001
 4.40000000000000E+0001
 5.20000000000000E+0001
 6.10000000000000E+0001
 6.00000000000000E+0001
 6.00000000000000E+0001
 4.60000000000000E+0001
 3.60000000000000E+0001
 3.30000000000000E+0001
 3.60000000000000E+0001
 3.70000000000000E+0001
 3.30000000000000E+0001
 2.50000000000000E+0001
 1.70000000000000E+0001
 1.40000000000000E+0001
 1.80000000000000E+0001
 1.70000000000000E+0001
 1.90000000000000E+0001
 2.00000000000000E+0001
 2.20000000000000E+0001
 2.00000000000000E+0001
 2.10000000000000E+0001
 2.90000000000000E+0001
 3.90000000000000E+0001
 4.40000000000000E+0001
 5.20000000000000E+0001
 5.50000000000000E+0001
 4.90000000000000E+0001
 4.40000000000000E+0001
 4.20000000000000E+0001
 4.20000000000000E+0001
 4.50000000000000E+0001
 4.00000000000000E+0001
 4.00000000000000E+0001
 3.00000000000000E+0001
 2.40000000000000E+0001
 1.90000000000000E+0001
 2.30000000000000E+0001
 2.40000000000000E+0001
 2.70000000000000E+0001
 3.30000000000000E+0001
 4.40000000000000E+0001
 5.30000000000000E+0001
 6.10000000000000E+0001
 6.40000000000000E+0001
 6.30000000000000E+0001
 6.90000000000000E+0001
 7.40000000000000E+0001
 7.20000000000000E+0001
 6.90000000000000E+0001
 6.80000000000000E+0001
 6.60000000000000E+0001
 7.10000000000000E+0001
 6.60000000000000E+0001
 6.60000000000000E+0001
 5.80000000000000E+0001
 5.40000000000000E+0001
 5.20000000000000E+0001
 5.30000000000000E+0001
 5.00000000000000E+0001
 4.70000000000000E+0001
 4.70000000000000E+0001
 4.30000000000000E+0001
 4.40000000000000E+0001
 4.50000000000000E+0001
 3.70000000000000E+0001
 3.40000000000000E+0001
 2.90000000000000E+0001
 2.90000000000000E+0001
 3.00000000000000E+0001
 3.10000000000000E+0001
 3.60000000000000E+0001
 4.10000000000000E+0001
 4.00000000000000E+0001
 4.60000000000000E+0001
 4.80000000000000E+0001
 4.60000000000000E+0001
 3.70000000000000E+0001
 2.90000000000000E+0001
 2.00000000000000E+0001
 1.70000000000000E+0001
 2.20000000000000E+0001
 2.40000000000000E+0001
 2.50000000000000E+0001
 1.80000000000000E+0001
 1.40000000000000E+0001
 5.00000000000000E+0000
 2.00000000000000E+0000
-2.00000000000000E+0000
-5.00000000000000E+0000
-1.10000000000000E+0001
-1.60000000000000E+0001
-1.40000000000000E+0001
-1.20000000000000E+0001
-8.00000000000000E+0000
-5.00000000000000E+0000
-1.00000000000000E+0000
-1.00000000000000E+0000
-7.00000000000000E+0000
-9.00000000000000E+0000
-9.00000000000000E+0000
-3.00000000000000E+0000
-7.00000000000000E+0000
-2.00000000000000E+0000
-2.00000000000000E+0000
 8.00000000000000E+0000
 8.00000000000000E+0000
-2.00000000000000E+0000
-7.00000000000000E+0000
-6.00000000000000E+0000
-2.00000000000000E+0000
 3.00000000000000E+0000
 3.00000000000000E+0000
 9.00000000000000E+0000
 9.00000000000000E+0000
 1.30000000000000E+0001
 1.90000000000000E+0001
 2.20000000000000E+0001
 2.20000000000000E+0001
 3.00000000000000E+0001
 3.30000000000000E+0001
 3.90000000000000E+0001
 4.10000000000000E+0001
 4.70000000000000E+0001
 5.20000000000000E+0001
 5.10000000000000E+0001
 5.20000000000000E+0001
 5.10000000000000E+0001
 5.00000000000000E+0001
 4.50000000000000E+0001
 3.50000000000000E+0001
 2.30000000000000E+0001
 5.00000000000000E+0000
 0.00000000000000E+0000
-7.00000000000000E+0000
-1.60000000000000E+0001
-1.60000000000000E+0001
-2.20000000000000E+0001
-1.50000000000000E+0001
-2.00000000000000E+0001
-8.00000000000000E+0000
-7.00000000000000E+0000
 1.00000000000000E+0000
 2.00000000000000E+0000
 2.00000000000000E+0000
 1.00000000000000E+0000
 5.00000000000000E+0000
 5.00000000000000E+0000
 1.00000000000000E+0001
 9.00000000000000E+0000
 4.00000000000000E+0000
 0.00000000000000E+0000
 3.00000000000000E+0000
 1.00000000000000E+0000
 7.00000000000000E+0000
 7.00000000000000E+0000
 2.00000000000000E+0000
-1.00000000000000E+0000
-2.00000000000000E+0000
 0.00000000000000E+0000
 2.00000000000000E+0000
 6.00000000000000E+0000
-1.00000000000000E+0000
-1.00000000000000E+0001
-1.90000000000000E+0001
-2.00000000000000E+0001
-2.00000000000000E+0001
-1.60000000000000E+0001
-8.00000000000000E+0000
-1.10000000000000E+0001
-8.00000000000000E+0000
-6.00000000000000E+0000
-3.00000000000000E+0000
 8.00000000000000E+0000
 1.50000000000000E+0001
 2.00000000000000E+0001
 1.80000000000000E+0001
 1.70000000000000E+0001
 1.10000000000000E+0001
 4.00000000000000E+0000
-1.00000000000000E+0000
-1.00000000000000E+0000
 1.00000000000000E+0000
 1.00000000000000E+0001
 9.00000000000000E+0000
 1.30000000000000E+0001
 1.50000000000000E+0001
 1.30000000000000E+0001
 2.00000000000000E+0000
-5.00000000000000E+0000
-2.00000000000000E+0000
 0.00000000000000E+0000
 1.30000000000000E+0001
 1.30000000000000E+0001
 1.80000000000000E+0001
 1.40000000000000E+0001
 1.70000000000000E+0001
 1.30000000000000E+0001
 0.00000000000000E+0000
-1.00000000000000E+0001
-1.70000000000000E+0001
-1.90000000000000E+0001
-1.10000000000000E+0001
-6.00000000000000E+0000
-5.00000000000000E+0000
-7.00000000000000E+0000
-7.00000000000000E+0000
 3.00000000000000E+0000
 1.00000000000000E+0001
 2.20000000000000E+0001
 3.30000000000000E+0001
 3.70000000000000E+0001
 4.10000000000000E+0001
 4.60000000000000E+0001
 5.00000000000000E+0001
 4.30000000000000E+0001
 3.70000000000000E+0001
 2.90000000000000E+0001
 3.10000000000000E+0001
 3.80000000000000E+0001
 5.00000000000000E+0001
 5.60000000000000E+0001
 6.30000000000000E+0001
 5.80000000000000E+0001
 5.10000000000000E+0001
 3.60000000000000E+0001
 3.00000000000000E+0001
 2.30000000000000E+0001
 2.60000000000000E+0001
 2.00000000000000E+0001
 1.40000000000000E+0001
 1.00000000000000E+0001
 5.00000000000000E+0000
 1.00000000000000E+0001
 6.00000000000000E+0000
 6.00000000000000E+0000
 6.00000000000000E+0000
 1.00000000000000E+0001
 1.20000000000000E+0001
 1.20000000000000E+0001
 1.30000000000000E+0001
 1.90000000000000E+0001
 2.60000000000000E+0001
 2.80000000000000E+0001
 3.10000000000000E+0001
 2.90000000000000E+0001
 2.40000000000000E+0001
 2.30000000000000E+0001
 1.70000000000000E+0001
 6.00000000000000E+0000
-1.30000000000000E+0001
-2.30000000000000E+0001
-2.50000000000000E+0001
-3.10000000000000E+0001
-2.80000000000000E+0001
-2.70000000000000E+0001
-2.50000000000000E+0001
-2.80000000000000E+0001
-2.50000000000000E+0001
-2.40000000000000E+0001
-2.10000000000000E+0001
-2.30000000000000E+0001
-2.50000000000000E+0001
-3.40000000000000E+0001
-4.10000000000000E+0001
-3.70000000000000E+0001
-3.60000000000000E+0001
-3.40000000000000E+0001
-3.30000000000000E+0001
-2.60000000000000E+0001
-2.00000000000000E+0001
-1.50000000000000E+0001
-1.10000000000000E+0001
-1.20000000000000E+0001
-1.40000000000000E+0001
-1.50000000000000E+0001
-1.30000000000000E+0001
-6.00000000000000E+0000
 1.00000000000000E+0000
 9.00000000000000E+0000
 1.40000000000000E+0001
 1.50000000000000E+0001
 2.00000000000000E+0001
 2.20000000000000E+0001
 2.20000000000000E+0001
 2.10000000000000E+0001
 2.10000000000000E+0001
 1.70000000000000E+0001
 1.50000000000000E+0001
 1.30000000000000E+0001
 1.40000000000000E+0001
 1.50000000000000E+0001
 2.40000000000000E+0001
 3.70000000000000E+0001
 4.60000000000000E+0001
 4.50000000000000E+0001
 4.50000000000000E+0001
 4.20000000000000E+0001
 4.00000000000000E+0001
 4.30000000000000E+0001
 5.00000000000000E+0001
 5.40000000000000E+0001
 5.90000000000000E+0001
 6.00000000000000E+0001
 6.30000000000000E+0001
 5.60000000000000E+0001
 5.40000000000000E+0001
 4.50000000000000E+0001
 4.90000000000000E+0001
 5.00000000000000E+0001
 5.00000000000000E+0001
 5.10000000000000E+0001
 4.30000000000000E+0001
 3.20000000000000E+0001
 3.00000000000000E+0001
 2.30000000000000E+0001
 2.10000000000000E+0001
 1.80000000000000E+0001
 1.60000000000000E+0001
 1.70000000000000E+0001
 1.90000000000000E+0001
 2.40000000000000E+0001
 2.70000000000000E+0001
 1.90000000000000E+0001
 9.00000000000000E+0000
-2.00000000000000E+0000
-1.10000000000000E+0001
-8.00000000000000E+0000
-1.30000000000000E+0001
-1.50000000000000E+0001
-1.70000000000000E+0001
-6.00000000000000E+0000
-2.00000000000000E+0000
 0.00000000000000E+0000
 0.00000000000000E+0000
-6.00000000000000E+0000
-8.00000000000000E+0000
-1.20000000000000E+0001
-1.20000000000000E+0001
-1.10000000000000E+0001
-7.00000000000000E+0000
-4.00000000000000E+0000
 2.00000000000000E+0000
 3.00000000000000E+0000
 8.00000000000000E+0000
 5.00000000000000E+0000
 5.00000000000000E+0000
 6.00000000000000E+0000
 2.00000000000000E+0000
 7.00000000000000E+0000
 8.00000000000000E+0000
 9.00000000000000E+0000
 1.00000000000000E+0001
 1.50000000000000E+0001
 2.00000000000000E+0001
 2.30000000000000E+0001
 2.50000000000000E+0001
 2.50000000000000E+0001
 2.50000000000000E+0001
 2.60000000000000E+0001
 1.90000000000000E+0001
 1.80000000000000E+0001
 2.30000000000000E+0001
 2.30000000000000E+0001
 2.60000000000000E+0001
 2.60000000000000E+0001
 2.70000000000000E+0001
 3.40000000000000E+0001
 2.70000000000000E+0001
 2.00000000000000E+0001
 1.10000000000000E+0001
 8.00000000000000E+0000
 1.40000000000000E+0001
 1.70000000000000E+0001
 1.90000000000000E+0001
 1.50000000000000E+0001
 1.30000000000000E+0001
 1.00000000000000E+0001
 8.00000000000000E+0000
 8.00000000000000E+0000
 1.30000000000000E+0001
 1.50000000000000E+0001
 1.70000000000000E+0001
 1.90000000000000E+0001
 2.40000000000000E+0001
 2.90000000000000E+0001
 3.70000000000000E+0001
 4.30000000000000E+0001
 5.00000000000000E+0001
 5.20000000000000E+0001
 5.30000000000000E+0001
 5.50000000000000E+0001
 5.50000000000000E+0001
 5.00000000000000E+0001
 4.90000000000000E+0001
 5.20000000000000E+0001
 4.80000000000000E+0001
 4.90000000000000E+0001
 4.20000000000000E+0001
 4.20000000000000E+0001
 5.30000000000000E+0001
 6.00000000000000E+0001
 6.30000000000000E+0001
 5.70000000000000E+0001
 5.60000000000000E+0001
 5.40000000000000E+0001
 4.60000000000000E+0001
 4.30000000000000E+0001
 3.30000000000000E+0001
 3.20000000000000E+0001
 2.70000000000000E+0001
 2.40000000000000E+0001
 2.80000000000000E+0001
 3.00000000000000E+0001
 3.30000000000000E+0001
 3.20000000000000E+0001
 2.80000000000000E+0001
 2.40000000000000E+0001
 1.90000000000000E+0001
 1.60000000000000E+0001
 1.60000000000000E+0001
 1.40000000000000E+0001
 2.20000000000000E+0001
 2.60000000000000E+0001
 2.70000000000000E+0001
 2.50000000000000E+0001
 2.30000000000000E+0001
 1.70000000000000E+0001
 1.40000000000000E+0001
 6.00000000000000E+0000
-2.00000000000000E+0000
-3.00000000000000E+0000
-5.00000000000000E+0000
-9.00000000000000E+0000
-1.40000000000000E+0001
-2.20000000000000E+0001
-2.80000000000000E+0001
-3.50000000000000E+0001
-4.40000000000000E+0001
-4.80000000000000E+0001
-5.00000000000000E+0001
-5.00000000000000E+0001
-5.50000000000000E+0001
-6.60000000000000E+0001
-7.70000000000000E+0001
-7.60000000000000E+0001
-6.90000000000000E+0001
-5.50000000000000E+0001
-4.50000000000000E+0001
-3.20000000000000E+0001
-2.20000000000000E+0001
-1.20000000000000E+0001
-5.00000000000000E+0000
 3.00000000000000E+0000
 5.00000000000000E+0000
-2.00000000000000E+0000
-7.00000000000000E+0000
-1.30000000000000E+0001
-1.80000000000000E+0001
-1.60000000000000E+0001
-1.20000000000000E+0001
-1.10000000000000E+0001
-5.00000000000000E+0000
-2.00000000000000E+0000
 0.00000000000000E+0000
-4.00000000000000E+0000
-4.00000000000000E+0000
-7.00000000000000E+0000
-7.00000000000000E+0000
-8.00000000000000E+0000
-1.00000000000000E+0000
 1.10000000000000E+0001
 1.40000000000000E+0001
 1.10000000000000E+0001
 7.00000000000000E+0000
 4.00000000000000E+0000
 0.00000000000000E+0000
-6.00000000000000E+0000
-7.00000000000000E+0000
-1.10000000000000E+0001
-6.00000000000000E+0000
-2.00000000000000E+0000
-1.00000000000000E+0000
-1.10000000000000E+0001
-1.30000000000000E+0001
-1.80000000000000E+0001
-1.30000000000000E+0001
-1.10000000000000E+0001
-9.00000000000000E+0000
-1.10000000000000E+0001
-1.00000000000000E+0001
-3.00000000000000E+0000
 1.20000000000000E+0001
 1.40000000000000E+0001
 1.80000000000000E+0001
 2.10000000000000E+0001
 2.20000000000000E+0001
 2.80000000000000E+0001
 3.00000000000000E+0001
 2.40000000000000E+0001
 1.60000000000000E+0001
 1.40000000000000E+0001
 1.30000000000000E+0001
 1.50000000000000E+0001
 1.30000000000000E+0001
 1.50000000000000E+0001
 2.30000000000000E+0001
 2.50000000000000E+0001
 2.60000000000000E+0001
 2.30000000000000E+0001
 2.10000000000000E+0001
 2.60000000000000E+0001
 3.20000000000000E+0001
 2.80000000000000E+0001
 2.30000000000000E+0001
 1.40000000000000E+0001
 1.00000000000000E+0001
 6.00000000000000E+0000
 5.00000000000000E+0000
 3.00000000000000E+0000
 7.00000000000000E+0000
 1.00000000000000E+0001
 1.30000000000000E+0001
 1.50000000000000E+0001
 1.90000000000000E+0001
 1.90000000000000E+0001
 1.80000000000000E+0001
 2.30000000000000E+0001
 2.30000000000000E+0001
 2.30000000000000E+0001
 1.70000000000000E+0001
 1.00000000000000E+0001
 1.10000000000000E+0001
 2.10000000000000E+0001
 2.70000000000000E+0001
 4.00000000000000E+0001
 4.80000000000000E+0001
 5.30000000000000E+0001
 5.50000000000000E+0001
 5.20000000000000E+0001
 5.30000000000000E+0001
 4.80000000000000E+0001
 5.00000000000000E+0001
 4.90000000000000E+0001
 5.00000000000000E+0001
 4.20000000000000E+0001
 4.70000000000000E+0001
 4.70000000000000E+0001
 5.10000000000000E+0001
 4.90000000000000E+0001
 5.30000000000000E+0001
 5.70000000000000E+0001
 5.20000000000000E+0001
 4.00000000000000E+0001
 3.10000000000000E+0001
 1.80000000000000E+0001
 1.30000000000000E+0001
 7.00000000000000E+0000
 8.00000000000000E+0000
 5.00000000000000E+0000
 4.00000000000000E+0000
-1.00000000000000E+0000
-7.00000000000000E+0000
-2.00000000000000E+0000
 6.00000000000000E+0000
 1.60000000000000E+0001
 1.50000000000000E+0001
 1.00000000000000E+0001
 1.00000000000000E+0001
 1.30000000000000E+0001
 1.70000000000000E+0001
 2.10000000000000E+0001
 2.20000000000000E+0001
 2.30000000000000E+0001
 2.40000000000000E+0001
 2.90000000000000E+0001
 3.60000000000000E+0001
 3.50000000000000E+0001
 3.40000000000000E+0001
 3.20000000000000E+0001
 2.80000000000000E+0001
 2.30000000000000E+0001
 2.40000000000000E+0001
 2.00000000000000E+0001
 2.50000000000000E+0001
 1.80000000000000E+0001
 9.00000000000000E+0000
 2.00000000000000E+0000
 0.00000000000000E+0000
 5.00000000000000E+0000
 6.00000000000000E+0000
 7.00000000000000E+0000
 1.20000000000000E+0001
 1.00000000000000E+0001
 8.00000000000000E+0000
 7.00000000000000E+0000
 2.00000000000000E+0000
 0.00000000000000E+0000
 0.00000000000000E+0000
-1.00000000000000E+0001
-1.50000000000000E+0001
-2.80000000000000E+0001
-3.00000000000000E+0001
-3.20000000000000E+0001
-3.70000000000000E+0001
-3.30000000000000E+0001
-3.60000000000000E+0001
-3.00000000000000E+0001
-2.70000000000000E+0001
-1.60000000000000E+0001
-7.00000000000000E+0000
-2.00000000000000E+0000
 5.00000000000000E+0000
 1.80000000000000E+0001
 3.00000000000000E+0001
 4.10000000000000E+0001
 5.00000000000000E+0001
 5.50000000000000E+0001
 6.00000000000000E+0001
 5.90000000000000E+0001
 5.30000000000000E+0001
 4.10000000000000E+0001
 3.50000000000000E+0001
 4.10000000000000E+0001
 3.80000000000000E+0001
 3.10000000000000E+0001
 2.00000000000000E+0001
 1.50000000000000E+0001
 7.00000000000000E+0000
 9.00000000000000E+0000
 3.00000000000000E+0000
 8.00000000000000E+0000
 1.40000000000000E+0001
 2.20000000000000E+0001
 2.60000000000000E+0001
 2.10000000000000E+0001
 1.90000000000000E+0001
 1.70000000000000E+0001
 1.60000000000000E+0001
 9.00000000000000E+0000
 2.00000000000000E+0000
 2.00000000000000E+0000
 0.00000000000000E+0000
 2.00000000000000E+0000
 3.00000000000000E+0000
 1.00000000000000E+0000
-8.00000000000000E+0000
-1.60000000000000E+0001
-2.30000000000000E+0001
-2.90000000000000E+0001
-2.70000000000000E+0001
-2.60000000000000E+0001
-2.30000000000000E+0001
-2.00000000000000E+0001
-1.30000000000000E+0001
-1.20000000000000E+0001
-1.00000000000000E+0001
-1.00000000000000E+0001
-6.00000000000000E+0000
 5.00000000000000E+0000
 1.10000000000000E+0001
 2.20000000000000E+0001
 2.60000000000000E+0001
 2.80000000000000E+0001
 2.60000000000000E+0001
 3.50000000000000E+0001
 4.20000000000000E+0001
 4.50000000000000E+0001
 5.20000000000000E+0001
 5.10000000000000E+0001
 4.90000000000000E+0001
 4.50000000000000E+0001
 3.90000000000000E+0001
 3.20000000000000E+0001
 3.10000000000000E+0001
 2.80000000000000E+0001
 2.50000000000000E+0001
 1.70000000000000E+0001
 1.20000000000000E+0001
 4.00000000000000E+0000
 0.00000000000000E+0000
-4.00000000000000E+0000
-6.00000000000000E+0000
-1.00000000000000E+0001
-1.20000000000000E+0001
-1.20000000000000E+0001
-9.00000000000000E+0000
 0.00000000000000E+0000
 1.00000000000000E+0001
 1.50000000000000E+0001
 1.20000000000000E+0001
 1.10000000000000E+0001
 1.20000000000000E+0001
 1.90000000000000E+0001
 2.30000000000000E+0001
 2.50000000000000E+0001
 2.70000000000000E+0001
 2.60000000000000E+0001
 2.20000000000000E+0001
 1.90000000000000E+0001
 1.70000000000000E+0001
 1.80000000000000E+0001
 1.90000000000000E+0001
 2.20000000000000E+0001
 2.50000000000000E+0001
 2.40000000000000E+0001
 2.80000000000000E+0001
 3.50000000000000E+0001
 3.60000000000000E+0001
 3.10000000000000E+0001
 2.00000000000000E+0001
 1.60000000000000E+0001
 5.00000000000000E+0000
 6.00000000000000E+0000
 6.00000000000000E+0000
 7.00000000000000E+0000
 1.10000000000000E+0001
 2.30000000000000E+0001
 2.70000000000000E+0001
 4.00000000000000E+0001
 4.20000000000000E+0001
 4.70000000000000E+0001
 5.00000000000000E+0001
 5.60000000000000E+0001
 6.10000000000000E+0001
 6.30000000000000E+0001
 6.40000000000000E+0001
 6.10000000000000E+0001
 5.90000000000000E+0001
 5.40000000000000E+0001
 5.60000000000000E+0001
 5.80000000000000E+0001
 6.20000000000000E+0001
 6.80000000000000E+0001
 7.50000000000000E+0001
 7.70000000000000E+0001
 8.30000000000000E+0001
 8.30000000000000E+0001
 8.80000000000000E+0001
 8.20000000000000E+0001
 8.50000000000000E+0001
 8.40000000000000E+0001
 8.50000000000000E+0001
 8.00000000000000E+0001
 6.80000000000000E+0001
 6.10000000000000E+0001
 5.70000000000000E+0001
 5.10000000000000E+0001
 4.70000000000000E+0001
 3.80000000000000E+0001
 2.70000000000000E+0001
 2.40000000000000E+0001
 1.90000000000000E+0001
 1.80000000000000E+0001
 1.20000000000000E+0001
 5.00000000000000E+0000
 8.00000000000000E+0000
 9.00000000000000E+0000
 7.00000000000000E+0000
 8.00000000000000E+0000
-2.00000000000000E+0000
-6.00000000000000E+0000
-1.00000000000000E+0000
 7.00000000000000E+0000
 1.60000000000000E+0001
 2.60000000000000E+0001
 3.20000000000000E+0001
 3.00000000000000E+0001
 3.30000000000000E+0001
 3.40000000000000E+0001
 3.40000000000000E+0001
 3.00000000000000E+0001
 2.40000000000000E+0001
 7.00000000000000E+0000
 2.00000000000000E+0000
-8.00000000000000E+0000
-1.00000000000000E+0001
-1.00000000000000E+0001
-7.00000000000000E+0000
-4.00000000000000E+0000
 3.00000000000000E+0000
-1.00000000000000E+0000
-8.00000000000000E+0000
-6.00000000000000E+0000
-7.00000000000000E+0000
-4.00000000000000E+0000
-6.00000000000000E+0000
-7.00000000000000E+0000
-8.00000000000000E+0000
-6.00000000000000E+0000
 2.00000000000000E+0000
 8.00000000000000E+0000
 8.00000000000000E+0000
 9.00000000000000E+0000
-1.00000000000000E+0000
-1.10000000000000E+0001
-1.80000000000000E+0001
-2.10000000000000E+0001
-2.20000000000000E+0001
-2.30000000000000E+0001
-2.00000000000000E+0001
-1.50000000000000E+0001
-1.60000000000000E+0001
-8.00000000000000E+0000
-1.30000000000000E+0001
-2.00000000000000E+0001
-3.60000000000000E+0001
-4.00000000000000E+0001
-4.20000000000000E+0001
-3.70000000000000E+0001
-2.30000000000000E+0001
-8.00000000000000E+0000
 0.00000000000000E+0000
 2.00000000000000E+0000
 8.00000000000000E+0000
 1.10000000000000E+0001
 1.20000000000000E+0001
 9.00000000000000E+0000
 9.00000000000000E+0000
 4.00000000000000E+0000
 0.00000000000000E+0000
 0.00000000000000E+0000
 0.00000000000000E+0000
 9.00000000000000E+0000
 9.00000000000000E+0000
 1.50000000000000E+0001
 1.20000000000000E+0001
 9.00000000000000E+0000
 7.00000000000000E+0000
-3.00000000000000E+0000
-8.00000000000000E+0000
-1.30000000000000E+0001
-1.50000000000000E+0001
-1.50000000000000E+0001
-1.50000000000000E+0001
-5.00000000000000E+0000
-3.00000000000000E+0000
 5.00000000000000E+0000
 5.00000000000000E+0000
 1.10000000000000E+0001
 8.00000000000000E+0000
 6.00000000000000E+0000
 8.00000000000000E+0000
 1.50000000000000E+0001
 2.30000000000000E+0001
 3.20000000000000E+0001
 3.80000000000000E+0001
 4.10000000000000E+0001
 3.70000000000000E+0001
 3.10000000000000E+0001
 2.20000000000000E+0001
 2.00000000000000E+0001
 2.00000000000000E+0001
 1.80000000000000E+0001
 1.30000000000000E+0001
 1.20000000000000E+0001
 1.60000000000000E+0001
 1.90000000000000E+0001
 1.90000000000000E+0001
 2.30000000000000E+0001
 2.40000000000000E+0001
 1.90000000000000E+0001
 1.40000000000000E+0001
 3.00000000000000E+0000
-2.00000000000000E+0000
-3.00000000000000E+0000
-1.00000000000000E+0000
 5.00000000000000E+0000
-1.00000000000000E+0000
-8.00000000000000E+0000
-1.50000000000000E+0001
-2.20000000000000E+0001
-2.00000000000000E+0001
-2.30000000000000E+0001
-2.10000000000000E+0001
-1.70000000000000E+0001
-9.00000000000000E+0000
-3.00000000000000E+0000
 0.00000000000000E+0000
-1.00000000000000E+0000
 0.00000000000000E+0000
 2.00000000000000E+0000
 5.00000000000000E+0000
 1.10000000000000E+0001
 1.50000000000000E+0001
 1.50000000000000E+0001
 2.60000000000000E+0001
 2.80000000000000E+0001
 3.00000000000000E+0001
 2.50000000000000E+0001
 1.70000000000000E+0001
 1.60000000000000E+0001
 1.30000000000000E+0001
 1.50000000000000E+0001
 1.80000000000000E+0001
 1.60000000000000E+0001
 1.00000000000000E+0001
 1.60000000000000E+0001
 1.90000000000000E+0001
 3.00000000000000E+0001
 3.10000000000000E+0001
 3.30000000000000E+0001
 3.20000000000000E+0001
 3.40000000000000E+0001
 3.50000000000000E+0001
 4.00000000000000E+0001
 4.10000000000000E+0001
 4.10000000000000E+0001
 4.20000000000000E+0001
 4.30000000000000E+0001
 4.20000000000000E+0001
 4.50000000000000E+0001
 3.90000000000000E+0001
 2.50000000000000E+0001
 1.90000000000000E+0001
 1.30000000000000E+0001
 1.20000000000000E+0001
 1.20000000000000E+0001
 7.00000000000000E+0000
 5.00000000000000E+0000
 1.00000000000000E+0000
-2.00000000000000E+0000
-4.00000000000000E+0000
 3.00000000000000E+0000
 6.00000000000000E+0000
 1.00000000000000E+0001
 1.20000000000000E+0001
 9.00000000000000E+0000
 5.00000000000000E+0000
 1.00000000000000E+0000
 4.00000000000000E+0000
 9.00000000000000E+0000
 1.90000000000000E+0001
 2.20000000000000E+0001
 2.10000000000000E+0001
 2.40000000000000E+0001
 2.70000000000000E+0001
 3.20000000000000E+0001
 2.60000000000000E+0001
 2.30000000000000E+0001
 1.30000000000000E+0001
 3.00000000000000E+0000
-4.00000000000000E+0000
-9.00000000000000E+0000
-1.00000000000000E+0001
-9.00000000000000E+0000
-1.10000000000000E+0001
-1.00000000000000E+0000
 1.00000000000000E+0000
 1.50000000000000E+0001
 2.50000000000000E+0001
 3.30000000000000E+0001
 3.90000000000000E+0001
 4.50000000000000E+0001
 4.80000000000000E+0001
 5.10000000000000E+0001
 5.40000000000000E+0001
 5.30000000000000E+0001
 4.80000000000000E+0001
 4.00000000000000E+0001
 3.60000000000000E+0001
 3.30000000000000E+0001
 2.90000000000000E+0001
 2.50000000000000E+0001
 1.90000000000000E+0001
 1.60000000000000E+0001
 1.40000000000000E+0001
 1.90000000000000E+0001
 1.00000000000000E+0001
-4.00000000000000E+0000
-5.00000000000000E+0000
-6.00000000000000E+0000
-8.00000000000000E+0000
-1.00000000000000E+0001
-1.00000000000000E+0000
-1.00000000000000E+0000
 7.00000000000000E+0000
 1.40000000000000E+0001
 2.00000000000000E+0001
 1.70000000000000E+0001
 1.30000000000000E+0001
 1.40000000000000E+0001
 1.40000000000000E+0001
 7.00000000000000E+0000
 3.00000000000000E+0000
-5.00000000000000E+0000
-5.00000000000000E+0000
-8.00000000000000E+0000
-8.00000000000000E+0000
-1.60000000000000E+0001
-1.80000000000000E+0001
-2.70000000000000E+0001
-3.00000000000000E+0001
-3.50000000000000E+0001
-3.90000000000000E+0001
-3.50000000000000E+0001
-3.60000000000000E+0001
-3.50000000000000E+0001
-3.00000000000000E+0001
-2.10000000000000E+0001
-9.00000000000000E+0000
-1.00000000000000E+0000
 1.40000000000000E+0001
 2.10000000000000E+0001
 2.60000000000000E+0001
 2.80000000000000E+0001
 3.10000000000000E+0001
 3.40000000000000E+0001
 3.70000000000000E+0001
 3.90000000000000E+0001
 3.50000000000000E+0001
 2.80000000000000E+0001
 2.10000000000000E+0001
 1.20000000000000E+0001
 5.00000000000000E+0000
 4.00000000000000E+0000
 2.00000000000000E+0000
-1.00000000000000E+0000
-6.00000000000000E+0000
-7.00000000000000E+0000
-1.30000000000000E+0001
-8.00000000000000E+0000
-5.00000000000000E+0000
 9.00000000000000E+0000
 1.10000000000000E+0001
 1.80000000000000E+0001
 2.30000000000000E+0001
 2.30000000000000E+0001
 2.80000000000000E+0001
 2.60000000000000E+0001
 2.80000000000000E+0001
 2.80000000000000E+0001
 2.60000000000000E+0001
 2.20000000000000E+0001
 2.30000000000000E+0001
 2.20000000000000E+0001
 2.70000000000000E+0001
 2.80000000000000E+0001
 2.50000000000000E+0001
 2.00000000000000E+0001
 6.00000000000000E+0000
-7.00000000000000E+0000
-1.00000000000000E+0001
-2.00000000000000E+0000
 9.00000000000000E+0000
 1.00000000000000E+0001
 8.00000000000000E+0000
 5.00000000000000E+0000
 7.00000000000000E+0000
 7.00000000000000E+0000
 9.00000000000000E+0000
 5.00000000000000E+0000
 2.00000000000000E+0000
 1.20000000000000E+0001
 1.50000000000000E+0001
 2.00000000000000E+0001
 1.80000000000000E+0001
 1.60000000000000E+0001
 1.30000000000000E+0001
 1.40000000000000E+0001
 1.00000000000000E+0001
 1.10000000000000E+0001
 1.40000000000000E+0001
 1.30000000000000E+0001
 1.50000000000000E+0001
 7.00000000000000E+0000
 3.00000000000000E+0000
 0.00000000000000E+0000
-6.00000000000000E+0000
-7.00000000000000E+0000
-9.00000000000000E+0000
-1.20000000000000E+0001
-1.20000000000000E+0001
-1.60000000000000E+0001
-1.70000000000000E+0001
-1.70000000000000E+0001
-1.30000000000000E+0001
-1.30000000000000E+0001
 0.00000000000000E+0000
 5.00000000000000E+0000
 1.10000000000000E+0001
 1.00000000000000E+0001
 1.00000000000000E+0001
 1.30000000000000E+0001
 9.00000000000000E+0000
 1.20000000000000E+0001
 1.00000000000000E+0001
 5.00000000000000E+0000
 5.00000000000000E+0000
 4.00000000000000E+0000
 5.00000000000000E+0000
 3.00000000000000E+0000
 6.00000000000000E+0000
 1.10000000000000E+0001
 1.10000000000000E+0001
 1.80000000000000E+0001
 9.00000000000000E+0000
 1.00000000000000E+0001
 9.00000000000000E+0000
 2.10000000000000E+0001
 3.30000000000000E+0001
 3.30000000000000E+0001
 3.20000000000000E+0001
 2.00000000000000E+0001
 1.80000000000000E+0001
 1.10000000000000E+0001
 1.40000000000000E+0001
 1.40000000000000E+0001
 1.40000000000000E+0001
 1.20000000000000E+0001
 1.00000000000000E+0001
-1.00000000000000E+0000
 2.00000000000000E+0000
 5.00000000000000E+0000
 1.30000000000000E+0001
 1.20000000000000E+0001
 1.40000000000000E+0001
 1.20000000000000E+0001
 1.30000000000000E+0001
 1.90000000000000E+0001
 1.80000000000000E+0001
 2.30000000000000E+0001
 2.70000000000000E+0001
 3.90000000000000E+0001
 4.30000000000000E+0001
 4.60000000000000E+0001
 4.60000000000000E+0001
 5.20000000000000E+0001
 5.10000000000000E+0001
 5.20000000000000E+0001
 5.40000000000000E+0001
 5.50000000000000E+0001
 5.80000000000000E+0001
 5.90000000000000E+0001
 6.30000000000000E+0001
 7.10000000000000E+0001
 7.90000000000000E+0001
 8.60000000000000E+0001
 8.60000000000000E+0001
 8.30000000000000E+0001
 7.80000000000000E+0001
 7.90000000000000E+0001
 7.80000000000000E+0001
 7.60000000000000E+0001
 7.50000000000000E+0001
 6.70000000000000E+0001
 6.00000000000000E+0001
 5.40000000000000E+0001
 5.40000000000000E+0001
 5.60000000000000E+0001
 5.80000000000000E+0001
 5.50000000000000E+0001
 4.70000000000000E+0001
 3.60000000000000E+0001
 3.10000000000000E+0001
 3.10000000000000E+0001
 2.40000000000000E+0001
 2.50000000000000E+0001
 2.70000000000000E+0001
 2.50000000000000E+0001
 3.00000000000000E+0001
 3.00000000000000E+0001
 3.50000000000000E+0001
 3.00000000000000E+0001
 2.40000000000000E+0001
 1.90000000000000E+0001
 1.30000000000000E+0001
 1.60000000000000E+0001
 1.70000000000000E+0001
 1.60000000000000E+0001
 1.20000000000000E+0001
 1.20000000000000E+0001
 1.70000000000000E+0001
 1.90000000000000E+0001
 1.90000000000000E+0001
 2.30000000000000E+0001
 2.50000000000000E+0001
 2.70000000000000E+0001
 2.90000000000000E+0001
 3.50000000000000E+0001
 4.00000000000000E+0001
 4.70000000000000E+0001
 5.20000000000000E+0001
 5.00000000000000E+0001
 4.80000000000000E+0001
 4.10000000000000E+0001
 3.50000000000000E+0001
 2.30000000000000E+0001
 1.90000000000000E+0001
 1.50000000000000E+0001
 9.00000000000000E+0000
 5.00000000000000E+0000
 3.00000000000000E+0000
 1.00000000000000E+0000
-1.00000000000000E+0001
-1.70000000000000E+0001
-2.90000000000000E+0001
-2.90000000000000E+0001
-2.20000000000000E+0001
-1.40000000000000E+0001
-6.00000000000000E+0000
-1.00000000000000E+0000
-1.00000000000000E+0000
-5.00000000000000E+0000
-1.50000000000000E+0001
-2.10000000000000E+0001
-2.40000000000000E+0001
-2.20000000000000E+0001
-2.40000000000000E+0001
-1.40000000000000E+0001
-8.00000000000000E+0000
-2.00000000000000E+0000
-1.00000000000000E+0000
 3.00000000000000E+0000
 1.30000000000000E+0001
 2.50000000000000E+0001
 3.60000000000000E+0001
 4.20000000000000E+0001
 4.00000000000000E+0001
 4.30000000000000E+0001
 4.10000000000000E+0001
 4.60000000000000E+0001
 4.10000000000000E+0001
 3.60000000000000E+0001
 3.50000000000000E+0001
 3.50000000000000E+0001
 3.20000000000000E+0001
 3.30000000000000E+0001
 2.70000000000000E+0001
 2.30000000000000E+0001
 2.50000000000000E+0001
 2.00000000000000E+0001
 1.90000000000000E+0001
 1.90000000000000E+0001
 2.20000000000000E+0001
 2.30000000000000E+0001
 2.20000000000000E+0001
 1.60000000000000E+0001
 7.00000000000000E+0000
-1.00000000000000E+0000
-1.20000000000000E+0001
-2.00000000000000E+0001
-2.30000000000000E+0001
-2.60000000000000E+0001
-1.90000000000000E+0001
-1.10000000000000E+0001
-7.00000000000000E+0000
-1.00000000000000E+0001
-9.00000000000000E+0000
-8.00000000000000E+0000
-5.00000000000000E+0000
-1.20000000000000E+0001
-1.60000000000000E+0001
-2.00000000000000E+0001
-2.30000000000000E+0001
-2.90000000000000E+0001
-3.70000000000000E+0001
-4.30000000000000E+0001
-3.90000000000000E+0001
-3.10000000000000E+0001
-2.40000000000000E+0001
-1.80000000000000E+0001
-1.30000000000000E+0001
-1.50000000000000E+0001
-3.00000000000000E+0000
 0.00000000000000E+0000
 5.00000000000000E+0000
 6.00000000000000E+0000
 6.00000000000000E+0000
 1.00000000000000E+0001
 1.80000000000000E+0001
 2.40000000000000E+0001
 3.50000000000000E+0001
 4.00000000000000E+0001
 4.30000000000000E+0001
 4.30000000000000E+0001
 4.50000000000000E+0001
 5.30000000000000E+0001
 5.70000000000000E+0001
 5.40000000000000E+0001
 4.50000000000000E+0001
 3.50000000000000E+0001
 3.10000000000000E+0001
 3.50000000000000E+0001
 4.10000000000000E+0001
 4.30000000000000E+0001
 4.70000000000000E+0001
 4.80000000000000E+0001
 5.20000000000000E+0001
 5.90000000000000E+0001
 6.00000000000000E+0001
 5.90000000000000E+0001
 5.80000000000000E+0001
 6.00000000000000E+0001
 6.50000000000000E+0001
 6.90000000000000E+0001
 6.80000000000000E+0001
 7.00000000000000E+0001
 6.90000000000000E+0001
 7.30000000000000E+0001
 7.60000000000000E+0001
 7.70000000000000E+0001
 7.20000000000000E+0001
 6.00000000000000E+0001
 5.00000000000000E+0001
 3.20000000000000E+0001
 1.60000000000000E+0001
 0.00000000000000E+0000
-1.60000000000000E+0001
-3.00000000000000E+0001
-3.90000000000000E+0001
-4.00000000000000E+0001
-3.60000000000000E+0001
-3.60000000000000E+0001
-2.70000000000000E+0001
-3.10000000000000E+0001
-2.40000000000000E+0001
-2.20000000000000E+0001
-2.30000000000000E+0001
-2.30000000000000E+0001
-2.00000000000000E+0001
-1.90000000000000E+0001
-1.40000000000000E+0001
-7.00000000000000E+0000
-3.00000000000000E+0000
 1.00000000000000E+0000
 4.00000000000000E+0000
 9.00000000000000E+0000
 4.00000000000000E+0000
-3.00000000000000E+0000
-6.00000000000000E+0000
-1.70000000000000E+0001
-1.20000000000000E+0001
-1.80000000000000E+0001
-1.90000000000000E+0001
-2.00000000000000E+0001
-1.40000000000000E+0001
-9.00000000000000E+0000
-4.00000000000000E+0000
-3.00000000000000E+0000
 3.00000000000000E+0000
 1.10000000000000E+0001
 1.50000000000000E+0001
 1.60000000000000E+0001
 1.20000000000000E+0001
 1.30000000000000E+0001
 1.50000000000000E+0001
 1.50000000000000E+0001
 1.50000000000000E+0001
 1.40000000000000E+0001
 1.00000000000000E+0001
 6.00000000000000E+0000
 9.00000000000000E+0000
 7.00000000000000E+0000
 1.10000000000000E+0001
 1.00000000000000E+0001
 8.00000000000000E+0000
-3.00000000000000E+0000
-1.10000000000000E+0001
-5.00000000000000E+0000
-1.30000000000000E+0001
-9.00000000000000E+0000
-9.00000000000000E+0000
-3.00000000000000E+0000
 6.00000000000000E+0000
 3.00000000000000E+0000
 1.00000000000000E+0000
-1.00000000000000E+0000
-6.00000000000000E+0000
-9.00000000000000E+0000
-8.00000000000000E+0000
-5.00000000000000E+0000
-6.00000000000000E+0000
-1.10000000000000E+0001
-2.10000000000000E+0001
-1.90000000000000E+0001
-2.90000000000000E+0001
-2.80000000000000E+0001
-3.10000000000000E+0001
-3.90000000000000E+0001
-3.70000000000000E+0001
-3.20000000000000E+0001
-2.30000000000000E+0001
-2.10000000000000E+0001
-9.00000000000000E+0000
-1.60000000000000E+0001
-1.10000000000000E+0001
-2.00000000000000E+0000
-6.00000000000000E+0000
-9.00000000000000E+0000
-1.10000000000000E+0001
-5.00000000000000E+0000
 8.00000000000000E+0000
 1.90000000000000E+0001
 2.40000000000000E+0001
 2.40000000000000E+0001
 1.30000000000000E+0001
 0.00000000000000E+0000
-8.00000000000000E+0000
-9.00000000000000E+0000
-1.40000000000000E+0001
-1.60000000000000E+0001
-1.80000000000000E+0001
-1.50000000000000E+0001
-8.00000000000000E+0000
-6.00000000000000E+0000
-4.00000000000000E+0000
 2.00000000000000E+0000
 0.00000000000000E+0000
 2.00000000000000E+0000
 3.00000000000000E+0000
-1.00000000000000E+0000
-2.00000000000000E+0000
 1.00000000000000E+0000
 5.00000000000000E+0000
 1.90000000000000E+0001
 2.80000000000000E+0001
 3.00000000000000E+0001
 3.90000000000000E+0001
 3.80000000000000E+0001
 4.30000000000000E+0001
 4.10000000000000E+0001
 4.10000000000000E+0001
 3.90000000000000E+0001
 3.10000000000000E+0001
 2.90000000000000E+0001
 2.90000000000000E+0001
 3.40000000000000E+0001
 3.40000000000000E+0001
 3.00000000000000E+0001
 3.50000000000000E+0001
 3.80000000000000E+0001
 3.90000000000000E+0001
 3.50000000000000E+0001
 2.90000000000000E+0001
 3.10000000000000E+0001
 3.00000000000000E+0001
 2.80000000000000E+0001
 2.70000000000000E+0001
 2.60000000000000E+0001
 2.50000000000000E+0001
 2.00000000000000E+0001
 2.10000000000000E+0001
 1.90000000000000E+0001
 1.20000000000000E+0001
 3.00000000000000E+0000
-5.00000000000000E+0000
-1.40000000000000E+0001
-2.20000000000000E+0001
-3.10000000000000E+0001
-3.50000000000000E+0001
-3.60000000000000E+0001
-3.10000000000000E+0001
-3.20000000000000E+0001
-2.50000000000000E+0001
-3.50000000000000E+0001
-4.40000000000000E+0001
-4.80000000000000E+0001
-5.10000000000000E+0001
-4.40000000000000E+0001
-3.30000000000000E+0001
-2.60000000000000E+0001
-2.20000000000000E+0001
-1.30000000000000E+0001
-2.00000000000000E+0000
 4.00000000000000E+0000
 1.30000000000000E+0001
 1.60000000000000E+0001
 2.40000000000000E+0001
 3.40000000000000E+0001
 3.90000000000000E+0001
 4.70000000000000E+0001
 4.30000000000000E+0001
 3.50000000000000E+0001
 3.30000000000000E+0001
 3.10000000000000E+0001
 3.60000000000000E+0001
 3.60000000000000E+0001
 3.70000000000000E+0001
 3.90000000000000E+0001
 3.70000000000000E+0001
 3.80000000000000E+0001
 4.00000000000000E+0001
 4.20000000000000E+0001
 4.00000000000000E+0001
 4.30000000000000E+0001
 4.30000000000000E+0001
 4.10000000000000E+0001
 3.90000000000000E+0001
 2.90000000000000E+0001
 3.10000000000000E+0001
 2.60000000000000E+0001
 2.90000000000000E+0001
 3.30000000000000E+0001
 3.50000000000000E+0001
 4.10000000000000E+0001
 4.20000000000000E+0001
 4.30000000000000E+0001
 4.70000000000000E+0001
 4.80000000000000E+0001
 4.90000000000000E+0001
 4.40000000000000E+0001
 4.20000000000000E+0001
 4.10000000000000E+0001
 4.10000000000000E+0001
 4.70000000000000E+0001
 4.30000000000000E+0001
 4.20000000000000E+0001
 3.70000000000000E+0001
 4.10000000000000E+0001
 4.00000000000000E+0001
 3.80000000000000E+0001
 3.70000000000000E+0001
 3.00000000000000E+0001
 3.00000000000000E+0001
 3.60000000000000E+0001
 4.80000000000000E+0001
 5.20000000000000E+0001
 5.00000000000000E+0001
 4.70000000000000E+0001
 3.90000000000000E+0001
 2.60000000000000E+0001
 1.70000000000000E+0001
 5.00000000000000E+0000
-1.00000000000000E+0000
-3.00000000000000E+0000
-7.00000000000000E+0000
-1.10000000000000E+0001
-1.40000000000000E+0001
-1.30000000000000E+0001
-2.00000000000000E+0001
-2.30000000000000E+0001
-2.60000000000000E+0001
-2.40000000000000E+0001
-2.40000000000000E+0001
-2.80000000000000E+0001
-3.70000000000000E+0001
-2.60000000000000E+0001
-2.70000000000000E+0001
-1.90000000000000E+0001
-5.00000000000000E+0000
-3.00000000000000E+0000
-9.00000000000000E+0000
-5.00000000000000E+0000
-1.10000000000000E+0001
-5.00000000000000E+0000
 1.00000000000000E+0000
 1.00000000000000E+0000
-5.00000000000000E+0000
-1.30000000000000E+0001
-2.10000000000000E+0001
-2.70000000000000E+0001
-4.00000000000000E+0001
-3.80000000000000E+0001
-3.80000000000000E+0001
-3.00000000000000E+0001
-2.60000000000000E+0001
-1.80000000000000E+0001
-1.10000000000000E+0001
-1.30000000000000E+0001
-9.00000000000000E+0000
 1.00000000000000E+0000
 1.00000000000000E+0001
 2.00000000000000E+0001
 3.50000000000000E+0001
 4.50000000000000E+0001
 5.20000000000000E+0001
 5.50000000000000E+0001
 4.90000000000000E+0001
 4.90000000000000E+0001
 4.10000000000000E+0001
 3.40000000000000E+0001
 2.60000000000000E+0001
 2.10000000000000E+0001
 1.70000000000000E+0001
 1.60000000000000E+0001
 1.30000000000000E+0001
 1.20000000000000E+0001
 1.50000000000000E+0001
 1.00000000000000E+0001
 2.00000000000000E+0000
-1.00000000000000E+0001
-2.00000000000000E+0000
-3.00000000000000E+0000
 1.00000000000000E+0000
 0.00000000000000E+0000
-3.00000000000000E+0000
-1.10000000000000E+0001
-1.40000000000000E+0001
-1.70000000000000E+0001
-1.70000000000000E+0001
-1.50000000000000E+0001
-1.10000000000000E+0001
-2.00000000000000E+0000
 4.00000000000000E+0000
 9.00000000000000E+0000
 1.40000000000000E+0001
 2.20000000000000E+0001
 2.60000000000000E+0001
 2.50000000000000E+0001
 2.00000000000000E+0001
 1.50000000000000E+0001
 1.40000000000000E+0001
 1.50000000000000E+0001
 8.00000000000000E+0000
 6.00000000000000E+0000
 2.00000000000000E+0000
-1.00000000000000E+0000
 3.00000000000000E+0000
 3.00000000000000E+0000
 1.40000000000000E+0001
 1.70000000000000E+0001
 2.10000000000000E+0001
 2.60000000000000E+0001
 2.10000000000000E+0001
 1.50000000000000E+0001
 9.00000000000000E+0000
 8.00000000000000E+0000
 1.50000000000000E+0001
 1.90000000000000E+0001
 2.60000000000000E+0001
 2.40000000000000E+0001
 2.10000000000000E+0001
 2.20000000000000E+0001
 1.40000000000000E+0001
 7.00000000000000E+0000
 3.00000000000000E+0000
 1.00000000000000E+0001
 2.00000000000000E+0001
 2.10000000000000E+0001
 3.00000000000000E+0001
 2.60000000000000E+0001
 2.60000000000000E+0001
 2.70000000000000E+0001
 2.50000000000000E+0001
 3.00000000000000E+0001
 3.10000000000000E+0001
 3.00000000000000E+0001
 2.20000000000000E+0001
 1.20000000000000E+0001
 5.00000000000000E+0000
-6.00000000000000E+0000
-1.20000000000000E+0001
-1.00000000000000E+0001
 4.00000000000000E+0000
 1.00000000000000E+0001
 1.20000000000000E+0001
 1.00000000000000E+0001
 4.00000000000000E+0000
 1.10000000000000E+0001
 1.60000000000000E+0001
 2.60000000000000E+0001
 2.80000000000000E+0001
 2.30000000000000E+0001
 2.20000000000000E+0001
 1.70000000000000E+0001
 1.20000000000000E+0001
 1.00000000000000E+0001
 9.00000000000000E+0000
 1.30000000000000E+0001
 2.00000000000000E+0001
 2.50000000000000E+0001
 2.10000000000000E+0001
 1.40000000000000E+0001
 1.00000000000000E+0001
 7.00000000000000E+0000
-1.00000000000000E+0000
-5.00000000000000E+0000
-1.20000000000000E+0001
-1.00000000000000E+0001
-1.20000000000000E+0001
-3.00000000000000E+0000
 3.00000000000000E+0000
 6.00000000000000E+0000
 8.00000000000000E+0000
 9.00000000000000E+0000
 1.70000000000000E+0001
 1.90000000000000E+0001
 2.30000000000000E+0001
 2.50000000000000E+0001
 2.50000000000000E+0001
 2.00000000000000E+0001
 3.10000000000000E+0001
 3.20000000000000E+0001
 3.50000000000000E+0001
 2.90000000000000E+0001
 3.00000000000000E+0001
 3.10000000000000E+0001
 3.10000000000000E+0001
 3.10000000000000E+0001
 2.90000000000000E+0001
 1.90000000000000E+0001
 1.80000000000000E+0001
 1.90000000000000E+0001
 2.20000000000000E+0001
 1.80000000000000E+0001
 1.20000000000000E+0001
 6.00000000000000E+0000
 3.00000000000000E+0000
 0.00000000000000E+0000
 2.00000000000000E+0000
-4.00000000000000E+0000
-6.00000000000000E+0000
-2.00000000000000E+0000
-2.00000000000000E+0000
-8.00000000000000E+0000
-1.20000000000000E+0001
-1.30000000000000E+0001
-1.20000000000000E+0001
-7.00000000000000E+0000
 0.00000000000000E+0000
-2.00000000000000E+0000
 4.00000000000000E+0000
 3.00000000000000E+0000
 8.00000000000000E+0000
 8.00000000000000E+0000
 1.70000000000000E+0001
 2.20000000000000E+0001
 3.00000000000000E+0001
 3.00000000000000E+0001
 2.90000000000000E+0001
 2.70000000000000E+0001
 2.10000000000000E+0001
 1.90000000000000E+0001
 2.50000000000000E+0001
 3.10000000000000E+0001
 3.40000000000000E+0001
 3.60000000000000E+0001
 3.70000000000000E+0001
 4.10000000000000E+0001
 4.80000000000000E+0001
 5.70000000000000E+0001
 6.10000000000000E+0001
 6.50000000000000E+0001
 6.70000000000000E+0001
 6.40000000000000E+0001
 5.80000000000000E+0001
 5.40000000000000E+0001
 5.80000000000000E+0001
 5.80000000000000E+0001
 5.70000000000000E+0001
 5.70000000000000E+0001
 5.30000000000000E+0001
 5.90000000000000E+0001
 6.40000000000000E+0001
 6.50000000000000E+0001
 6.40000000000000E+0001
 6.00000000000000E+0001
 5.70000000000000E+0001
 5.30000000000000E+0001
 5.10000000000000E+0001
 5.20000000000000E+0001
 5.40000000000000E+0001
 5.60000000000000E+0001
 6.00000000000000E+0001
 6.40000000000000E+0001
 6.50000000000000E+0001
 6.70000000000000E+0001
 6.40000000000000E+0001
 6.40000000000000E+0001
 6.50000000000000E+0001
 6.40000000000000E+0001
 6.40000000000000E+0001
 6.70000000000000E+0001
 6.90000000000000E+0001
 7.30000000000000E+0001
 7.10000000000000E+0001
 6.80000000000000E+0001
 6.70000000000000E+0001
 6.70000000000000E+0001
 6.60000000000000E+0001
 6.00000000000000E+0001
 5.60000000000000E+0001
 5.60000000000000E+0001
 5.30000000000000E+0001
 5.10000000000000E+0001
 5.00000000000000E+0001
 4.10000000000000E+0001
 3.70000000000000E+0001
 3.00000000000000E+0001
 2.90000000000000E+0001
 3.20000000000000E+0001
 3.40000000000000E+0001
 4.00000000000000E+0001
 4.30000000000000E+0001
 4.40000000000000E+0001
 4.40000000000000E+0001
 4.40000000000000E+0001
 3.90000000000000E+0001
 3.90000000000000E+0001
 3.60000000000000E+0001
 3.20000000000000E+0001
 3.20000000000000E+0001
 2.30000000000000E+0001
 1.80000000000000E+0001
 1.50000000000000E+0001
 1.40000000000000E+0001
 1.80000000000000E+0001
 2.10000000000000E+0001
 1.50000000000000E+0001
 9.00000000000000E+0000
 4.00000000000000E+0000
 1.00000000000000E+0000
 6.00000000000000E+0000
 1.00000000000000E+0001
 1.10000000000000E+0001
 1.10000000000000E+0001
 1.80000000000000E+0001
 2.00000000000000E+0001
 2.50000000000000E+0001
 3.20000000000000E+0001
 3.60000000000000E+0001
 3.30000000000000E+0001
 2.70000000000000E+0001
 2.00000000000000E+0001
 1.00000000000000E+0001
-3.00000000000000E+0000
-1.30000000000000E+0001
-2.00000000000000E+0001
-3.10000000000000E+0001
-3.80000000000000E+0001
-3.60000000000000E+0001
-4.00000000000000E+0001
-4.40000000000000E+0001
-3.60000000000000E+0001
-3.30000000000000E+0001
-2.90000000000000E+0001
-2.70000000000000E+0001
-2.00000000000000E+0001
-2.10000000000000E+0001
-2.60000000000000E+0001
-3.50000000000000E+0001
-3.90000000000000E+0001
-3.50000000000000E+0001
-2.60000000000000E+0001
-1.90000000000000E+0001
-1.20000000000000E+0001
-1.20000000000000E+0001
-2.10000000000000E+0001
-3.80000000000000E+0001
-4.80000000000000E+0001
-5.40000000000000E+0001
-4.80000000000000E+0001
-4.40000000000000E+0001
-4.20000000000000E+0001
-4.60000000000000E+0001
-4.30000000000000E+0001
-3.60000000000000E+0001
-2.10000000000000E+0001
-1.60000000000000E+0001
-1.40000000000000E+0001
-1.30000000000000E+0001
-7.00000000000000E+0000
 4.00000000000000E+0000
 8.00000000000000E+0000
 9.00000000000000E+0000
 1.10000000000000E+0001
 1.60000000000000E+0001
 2.00000000000000E+0001
 1.30000000000000E+0001
 5.00000000000000E+0000
-1.00000000000000E+0000
-1.00000000000000E+0000
-5.00000000000000E+0000
-1.30000000000000E+0001
-1.60000000000000E+0001
-2.80000000000000E+0001
-3.40000000000000E+0001
-3.70000000000000E+0001
-3.60000000000000E+0001
-2.70000000000000E+0001
-2.30000000000000E+0001
-1.20000000000000E+0001
-8.00000000000000E+0000
-7.00000000000000E+0000
-7.00000000000000E+0000
-7.00000000000000E+0000
 3.00000000000000E+0000
 1.10000000000000E+0001
 1.70000000000000E+0001
 1.80000000000000E+0001
 2.10000000000000E+0001
 2.00000000000000E+0001
 2.00000000000000E+0001
 1.70000000000000E+0001
 1.70000000000000E+0001
 1.40000000000000E+0001
 1.10000000000000E+0001
 2.00000000000000E+0000
 2.00000000000000E+0000
-2.00000000000000E+0000
 0.00000000000000E+0000
-3.00000000000000E+0000
-8.00000000000000E+0000
-3.00000000000000E+0000
-3.00000000000000E+0000
 1.00000000000000E+0000
 2.00000000000000E+0000
 1.00000000000000E+0000
 5.00000000000000E+0000
 4.00000000000000E+0000
 1.70000000000000E+0001
 2.50000000000000E+0001
 3.40000000000000E+0001
 4.20000000000000E+0001
 5.00000000000000E+0001
 5.00000000000000E+0001
 5.60000000000000E+0001
 5.80000000000000E+0001
 6.30000000000000E+0001
 5.90000000000000E+0001
 5.80000000000000E+0001
 5.70000000000000E+0001
 5.40000000000000E+0001
 5.00000000000000E+0001
 3.80000000000000E+0001
 2.80000000000000E+0001
 2.10000000000000E+0001
 1.60000000000000E+0001
 1.10000000000000E+0001
 8.00000000000000E+0000
 2.00000000000000E+0000
-7.00000000000000E+0000
-1.50000000000000E+0001
-2.30000000000000E+0001
-2.30000000000000E+0001
-2.50000000000000E+0001
-2.00000000000000E+0001
-1.90000000000000E+0001
-6.00000000000000E+0000
 1.00000000000000E+0000
 1.10000000000000E+0001
 2.20000000000000E+0001
 1.70000000000000E+0001
 1.90000000000000E+0001
 2.60000000000000E+0001
 3.90000000000000E+0001
 5.00000000000000E+0001
 5.10000000000000E+0001
 4.50000000000000E+0001
 3.40000000000000E+0001
 2.20000000000000E+0001
 1.00000000000000E+0001
 1.00000000000000E+0000
-1.80000000000000E+0001
-2.40000000000000E+0001
-3.40000000000000E+0001
-4.00000000000000E+0001
-4.60000000000000E+0001
-4.30000000000000E+0001
-4.40000000000000E+0001
-4.00000000000000E+0001
-4.10000000000000E+0001
-3.30000000000000E+0001
-2.60000000000000E+0001
-1.90000000000000E+0001
-1.30000000000000E+0001
-7.00000000000000E+0000
-2.00000000000000E+0000
 1.00000000000000E+0000
 5.00000000000000E+0000
 4.00000000000000E+0000
 6.00000000000000E+0000
 7.00000000000000E+0000
 5.00000000000000E+0000
 4.00000000000000E+0000
 5.00000000000000E+0000
 6.00000000000000E+0000
 6.00000000000000E+0000
 8.00000000000000E+0000
 4.00000000000000E+0000
 1.00000000000000E+0000
 0.00000000000000E+0000
 3.00000000000000E+0000
 4.00000000000000E+0000
 1.10000000000000E+0001
 1.50000000000000E+0001
 1.90000000000000E+0001
 2.00000000000000E+0001
 1.90000000000000E+0001
 2.30000000000000E+0001
 2.60000000000000E+0001
 3.00000000000000E+0001
 2.80000000000000E+0001
 3.00000000000000E+0001
 2.80000000000000E+0001
 3.10000000000000E+0001
 3.30000000000000E+0001
 3.30000000000000E+0001
 4.00000000000000E+0001
 4.60000000000000E+0001
 4.40000000000000E+0001
 4.00000000000000E+0001
 3.10000000000000E+0001
 2.30000000000000E+0001
 2.40000000000000E+0001
 2.20000000000000E+0001
 1.90000000000000E+0001
 1.20000000000000E+0001
 2.00000000000000E+0000
-1.00000000000000E+0000
 0.00000000000000E+0000
 9.00000000000000E+0000
 1.90000000000000E+0001
 2.30000000000000E+0001
 3.10000000000000E+0001
 2.90000000000000E+0001
 2.70000000000000E+0001
 2.60000000000000E+0001
 3.00000000000000E+0001
 3.90000000000000E+0001
 4.60000000000000E+0001
 5.50000000000000E+0001
 6.10000000000000E+0001
 6.60000000000000E+0001
 6.70000000000000E+0001
 6.80000000000000E+0001
 7.00000000000000E+0001
 7.00000000000000E+0001
 6.80000000000000E+0001
 5.70000000000000E+0001
 4.50000000000000E+0001
 3.30000000000000E+0001
 2.30000000000000E+0001
 2.00000000000000E+0001
 1.70000000000000E+0001
 2.20000000000000E+0001
 2.00000000000000E+0001
 1.80000000000000E+0001
 1.60000000000000E+0001
 1.70000000000000E+0001
 1.90000000000000E+0001
 1.90000000000000E+0001
 1.80000000000000E+0001
 1.00000000000000E+0001
-2.00000000000000E+0000
-7.00000000000000E+0000
-5.00000000000000E+0000
-5.00000000000000E+0000
-6.00000000000000E+0000
-1.10000000000000E+0001
-7.00000000000000E+0000
-2.00000000000000E+0000
 8.00000000000000E+0000
 1.50000000000000E+0001
 1.60000000000000E+0001
 1.40000000000000E+0001
 9.00000000000000E+0000
 1.00000000000000E+0000
-1.80000000000000E+0001
-3.20000000000000E+0001
-4.40000000000000E+0001
-4.60000000000000E+0001
-4.40000000000000E+0001
-3.90000000000000E+0001
-4.00000000000000E+0001
-3.60000000000000E+0001
-3.80000000000000E+0001
-3.50000000000000E+0001
-3.80000000000000E+0001
-4.00000000000000E+0001
-3.70000000000000E+0001
-3.20000000000000E+0001
-2.60000000000000E+0001
-2.70000000000000E+0001
-2.80000000000000E+0001
-2.90000000000000E+0001
-2.00000000000000E+0001
-9.00000000000000E+0000
-7.00000000000000E+0000
-7.00000000000000E+0000
-6.00000000000000E+0000
-1.00000000000000E+0001
-1.60000000000000E+0001
-2.50000000000000E+0001
-2.40000000000000E+0001
-2.70000000000000E+0001
-2.50000000000000E+0001
-2.70000000000000E+0001
-2.30000000000000E+0001
-2.10000000000000E+0001
-1.90000000000000E+0001
-1.90000000000000E+0001
-2.10000000000000E+0001
-2.00000000000000E+0001
-2.30000000000000E+0001
-1.90000000000000E+0001
-1.70000000000000E+0001
-1.00000000000000E+0001
-5.00000000000000E+0000
 0.00000000000000E+0000
 5.00000000000000E+0000
 9.00000000000000E+0000
 1.80000000000000E+0001
 2.60000000000000E+0001
 3.10000000000000E+0001
 3.80000000000000E+0001
 3.70000000000000E+0001
 4.10000000000000E+0001
 4.50000000000000E+0001
 4.60000000000000E+0001
 4.00000000000000E+0001
 2.90000000000000E+0001
 2.40000000000000E+0001
 2.10000000000000E+0001
 1.30000000000000E+0001
 1.70000000000000E+0001
 8.00000000000000E+0000
 3.00000000000000E+0000
 5.00000000000000E+0000
 9.00000000000000E+0000
 1.10000000000000E+0001
 1.80000000000000E+0001
 2.80000000000000E+0001
 3.60000000000000E+0001
 3.90000000000000E+0001
 3.80000000000000E+0001
 4.00000000000000E+0001
 4.40000000000000E+0001
 5.00000000000000E+0001
 5.60000000000000E+0001
 5.00000000000000E+0001
 5.20000000000000E+0001
 4.80000000000000E+0001
 4.90000000000000E+0001
 4.80000000000000E+0001
 4.00000000000000E+0001
 4.10000000000000E+0001
 3.80000000000000E+0001
 3.20000000000000E+0001
 2.40000000000000E+0001
 2.40000000000000E+0001
 1.70000000000000E+0001
 1.60000000000000E+0001
 1.50000000000000E+0001
 8.00000000000000E+0000
 4.00000000000000E+0000
 1.00000000000000E+0000
 2.00000000000000E+0000
 4.00000000000000E+0000
 1.10000000000000E+0001
 1.60000000000000E+0001
 2.20000000000000E+0001
 2.60000000000000E+0001
 3.10000000000000E+0001
 3.50000000000000E+0001
 3.40000000000000E+0001
 3.30000000000000E+0001
 2.80000000000000E+0001
 2.30000000000000E+0001
 2.10000000000000E+0001
 2.40000000000000E+0001
 2.60000000000000E+0001
 3.20000000000000E+0001
 3.40000000000000E+0001
 3.50000000000000E+0001
 2.70000000000000E+0001
 1.80000000000000E+0001
 7.00000000000000E+0000
 1.00000000000000E+0000
-2.00000000000000E+0000
-4.00000000000000E+0000
-5.00000000000000E+0000
-9.00000000000000E+0000
-1.30000000000000E+0001
-1.50000000000000E+0001
-9.00000000000000E+0000
-1.30000000000000E+0001
-8.00000000000000E+0000
-1.10000000000000E+0001
-1.20000000000000E+0001
-7.00000000000000E+0000
-6.00000000000000E+0000
-7.00000000000000E+0000
-6.00000000000000E+0000
-7.00000000000000E+0000
-8.00000000000000E+0000
-6.00000000000000E+0000
-5.00000000000000E+0000
-7.00000000000000E+0000
-1.00000000000000E+0001
-7.00000000000000E+0000
 0.00000000000000E+0000
 3.00000000000000E+0000
 8.00000000000000E+0000
 9.00000000000000E+0000
 1.20000000000000E+0001
 1.90000000000000E+0001
 3.20000000000000E+0001
 4.20000000000000E+0001
 4.80000000000000E+0001
 5.00000000000000E+0001
 4.70000000000000E+0001
 4.30000000000000E+0001
 4.30000000000000E+0001
 4.40000000000000E+0001
 5.00000000000000E+0001
 4.60000000000000E+0001
 4.00000000000000E+0001
 3.50000000000000E+0001
 3.10000000000000E+0001
 3.30000000000000E+0001
 2.80000000000000E+0001
 2.90000000000000E+0001
 2.40000000000000E+0001
 2.30000000000000E+0001
 2.70000000000000E+0001
 3.50000000000000E+0001
 4.10000000000000E+0001
 4.40000000000000E+0001
 4.50000000000000E+0001
 5.00000000000000E+0001
 5.60000000000000E+0001
 5.90000000000000E+0001
 6.30000000000000E+0001
 6.00000000000000E+0001
 6.20000000000000E+0001
 6.50000000000000E+0001
 6.20000000000000E+0001
 6.00000000000000E+0001
 5.80000000000000E+0001
 5.00000000000000E+0001
 4.10000000000000E+0001
 2.70000000000000E+0001
 1.90000000000000E+0001
 1.20000000000000E+0001
 1.00000000000000E+0001
 5.00000000000000E+0000
 4.00000000000000E+0000
-1.00000000000000E+0000
-6.00000000000000E+0000
-1.00000000000000E+0001
-1.30000000000000E+0001
-1.70000000000000E+0001
-1.60000000000000E+0001
-9.00000000000000E+0000
-1.00000000000000E+0000
 9.00000000000000E+0000
 2.10000000000000E+0001
 3.00000000000000E+0001
 3.10000000000000E+0001
 2.60000000000000E+0001
 2.50000000000000E+0001
 2.30000000000000E+0001
 2.50000000000000E+0001
 2.20000000000000E+0001
 1.90000000000000E+0001
 1.10000000000000E+0001
 9.00000000000000E+0000
 2.00000000000000E+0000
-9.00000000000000E+0000
-2.10000000000000E+0001
-2.70000000000000E+0001
-2.50000000000000E+0001
-2.20000000000000E+0001
-1.40000000000000E+0001
-8.00000000000000E+0000
 0.00000000000000E+0000
 8.00000000000000E+0000
 1.90000000000000E+0001
 1.70000000000000E+0001
 1.60000000000000E+0001
 2.10000000000000E+0001
 3.40000000000000E+0001
 4.40000000000000E+0001
 5.30000000000000E+0001
 5.40000000000000E+0001
 5.30000000000000E+0001
 5.70000000000000E+0001
 6.30000000000000E+0001
 5.90000000000000E+0001
 5.10000000000000E+0001
 3.80000000000000E+0001
 2.70000000000000E+0001
 1.90000000000000E+0001
 1.30000000000000E+0001
 9.00000000000000E+0000
 9.00000000000000E+0000
 8.00000000000000E+0000
 1.20000000000000E+0001
 1.60000000000000E+0001
 1.80000000000000E+0001
 2.80000000000000E+0001
 3.10000000000000E+0001
 2.40000000000000E+0001
 1.50000000000000E+0001
 1.80000000000000E+0001
 1.60000000000000E+0001
 1.90000000000000E+0001
 1.80000000000000E+0001
 1.50000000000000E+0001
 1.00000000000000E+0001
 2.00000000000000E+0000
 6.00000000000000E+0000
 9.00000000000000E+0000
 3.00000000000000E+0000
 5.00000000000000E+0000
-3.00000000000000E+0000
 1.00000000000000E+0000
-7.00000000000000E+0000
-1.70000000000000E+0001
-3.00000000000000E+0001
-3.60000000000000E+0001
-3.50000000000000E+0001
-3.30000000000000E+0001
-2.10000000000000E+0001
-2.00000000000000E+0001
-1.50000000000000E+0001
-1.00000000000000E+0001
-4.00000000000000E+0000
-2.00000000000000E+0000
-7.00000000000000E+0000
-4.00000000000000E+0000
-5.00000000000000E+0000
-3.00000000000000E+0000
 4.00000000000000E+0000
 6.00000000000000E+0000
 1.00000000000000E+0001
 9.00000000000000E+0000
 1.30000000000000E+0001
 3.00000000000000E+0000
-1.00000000000000E+0000
-1.10000000000000E+0001
-1.90000000000000E+0001
-2.90000000000000E+0001
-3.90000000000000E+0001
-3.60000000000000E+0001
-2.90000000000000E+0001
-1.70000000000000E+0001
-1.00000000000000E+0001
-7.00000000000000E+0000
-4.00000000000000E+0000
 2.00000000000000E+0000
 7.00000000000000E+0000
 2.00000000000000E+0000
 6.00000000000000E+0000
 6.00000000000000E+0000
 7.00000000000000E+0000
 2.10000000000000E+0001
 2.70000000000000E+0001
 2.60000000000000E+0001
 2.60000000000000E+0001
 2.50000000000000E+0001
 2.60000000000000E+0001
 3.00000000000000E+0001
 2.70000000000000E+0001
 2.70000000000000E+0001
 3.30000000000000E+0001
 3.60000000000000E+0001
 3.80000000000000E+0001
 4.00000000000000E+0001
 3.70000000000000E+0001
 3.60000000000000E+0001
 4.00000000000000E+0001
 3.00000000000000E+0001
 3.10000000000000E+0001
 2.90000000000000E+0001
 3.00000000000000E+0001
 3.50000000000000E+0001
 3.30000000000000E+0001
 3.30000000000000E+0001
 2.80000000000000E+0001
 2.70000000000000E+0001
 2.20000000000000E+0001
 2.00000000000000E+0001
 2.00000000000000E+0001
 2.10000000000000E+0001
 2.30000000000000E+0001
 2.40000000000000E+0001
 2.90000000000000E+0001
 3.20000000000000E+0001
 3.70000000000000E+0001
 3.20000000000000E+0001
 2.90000000000000E+0001
 2.90000000000000E+0001
 2.50000000000000E+0001
 2.70000000000000E+0001
 3.20000000000000E+0001
 3.90000000000000E+0001
 4.20000000000000E+0001
 4.50000000000000E+0001
 4.50000000000000E+0001
 4.20000000000000E+0001
 4.00000000000000E+0001
 3.60000000000000E+0001
 3.00000000000000E+0001
 2.80000000000000E+0001
 3.00000000000000E+0001
 2.70000000000000E+0001
 2.00000000000000E+0001
 1.30000000000000E+0001
 5.00000000000000E+0000
 0.00000000000000E+0000
-3.00000000000000E+0000
-1.00000000000000E+0000
-5.00000000000000E+0000
-1.60000000000000E+0001
-1.70000000000000E+0001
-2.20000000000000E+0001
-2.90000000000000E+0001
-2.60000000000000E+0001
-3.10000000000000E+0001
-2.30000000000000E+0001
-1.80000000000000E+0001
-1.20000000000000E+0001
-1.00000000000000E+0000
 3.00000000000000E+0000
 3.00000000000000E+0000
 4.00000000000000E+0000
 4.00000000000000E+0000
 5.00000000000000E+0000
 0.00000000000000E+0000
-1.00000000000000E+0000
-6.00000000000000E+0000
 3.00000000000000E+0000
 7.00000000000000E+0000
 9.00000000000000E+0000
 2.00000000000000E+0000
-1.00000000000000E+0000
 0.00000000000000E+0000
 4.00000000000000E+0000
 7.00000000000000E+0000
 9.00000000000000E+0000
 3.00000000000000E+0000
 8.00000000000000E+0000
 1.30000000000000E+0001
 1.70000000000000E+0001
 1.60000000000000E+0001
 1.10000000000000E+0001
 1.10000000000000E+0001
 7.00000000000000E+0000
 6.00000000000000E+0000
 1.00000000000000E+0001
 1.80000000000000E+0001
 2.20000000000000E+0001
 2.90000000000000E+0001
 2.90000000000000E+0001
 2.40000000000000E+0001
 1.70000000000000E+0001
 1.40000000000000E+0001
 8.00000000000000E+0000
 2.00000000000000E+0000
 0.00000000000000E+0000
 4.00000000000000E+0000
 1.10000000000000E+0001
 1.40000000000000E+0001
 2.30000000000000E+0001
 2.60000000000000E+0001
 2.20000000000000E+0001
 2.00000000000000E+0001
 2.10000000000000E+0001
 2.60000000000000E+0001
 2.50000000000000E+0001
 2.30000000000000E+0001
 1.80000000000000E+0001
 1.10000000000000E+0001
 7.00000000000000E+0000
 1.00000000000000E+0000
 0.00000000000000E+0000
 2.00000000000000E+0000
 2.00000000000000E+0000
 5.00000000000000E+0000
-2.00000000000000E+0000
-7.00000000000000E+0000
-8.00000000000000E+0000
-1.50000000000000E+0001
-1.80000000000000E+0001
-2.40000000000000E+0001
-2.40000000000000E+0001
-1.90000000000000E+0001
-1.50000000000000E+0001
-3.00000000000000E+0000
 2.00000000000000E+0000
 5.00000000000000E+0000
 1.50000000000000E+0001
 2.00000000000000E+0001
 2.90000000000000E+0001
 4.10000000000000E+0001
 4.70000000000000E+0001
 4.90000000000000E+0001
 4.10000000000000E+0001
 3.50000000000000E+0001
 2.40000000000000E+0001
 2.20000000000000E+0001
 2.00000000000000E+0001
 2.20000000000000E+0001
 1.90000000000000E+0001
 2.30000000000000E+0001
 2.40000000000000E+0001
 2.30000000000000E+0001
 1.90000000000000E+0001
 1.90000000000000E+0001
 2.20000000000000E+0001
 2.30000000000000E+0001
 2.40000000000000E+0001
 2.80000000000000E+0001
 3.40000000000000E+0001
 4.20000000000000E+0001
 5.40000000000000E+0001
 6.30000000000000E+0001
 6.70000000000000E+0001
 6.90000000000000E+0001
 7.70000000000000E+0001
 8.00000000000000E+0001
 8.50000000000000E+0001
 8.50000000000000E+0001
 8.50000000000000E+0001
 8.70000000000000E+0001
 8.00000000000000E+0001
 7.60000000000000E+0001
 7.00000000000000E+0001
 7.10000000000000E+0001
 7.40000000000000E+0001
 7.50000000000000E+0001
 6.80000000000000E+0001
 6.30000000000000E+0001
 5.80000000000000E+0001
 5.10000000000000E+0001
 4.70000000000000E+0001
 4.10000000000000E+0001
 3.90000000000000E+0001
 3.80000000000000E+0001
 3.90000000000000E+0001
 3.70000000000000E+0001
 3.20000000000000E+0001
 2.50000000000000E+0001
 2.10000000000000E+0001
 1.60000000000000E+0001
 1.70000000000000E+0001
 1.50000000000000E+0001
 2.10000000000000E+0001
 1.70000000000000E+0001
 1.80000000000000E+0001
 1.90000000000000E+0001
 2.00000000000000E+0001
 1.40000000000000E+0001
 9.00000000000000E+0000
 1.00000000000000E+0000
 0.00000000000000E+0000
 3.00000000000000E+0000
 9.00000000000000E+0000
 1.30000000000000E+0001
 1.60000000000000E+0001
 1.20000000000000E+0001
 1.80000000000000E+0001
 1.20000000000000E+0001
 1.20000000000000E+0001
 1.60000000000000E+0001
 1.70000000000000E+0001
 1.30000000000000E+0001
 1.50000000000000E+0001
 9.00000000000000E+0000
 7.00000000000000E+0000
 6.00000000000000E+0000
 6.00000000000000E+0000
 1.00000000000000E+0001
 5.00000000000000E+0000
-1.00000000000000E+0000
-1.30000000000000E+0001
-1.10000000000000E+0001
-1.80000000000000E+0001
-1.80000000000000E+0001
-2.20000000000000E+0001
-2.40000000000000E+0001
-2.30000000000000E+0001
-2.60000000000000E+0001
-2.30000000000000E+0001
-2.10000000000000E+0001
-1.20000000000000E+0001
-5.00000000000000E+0000
 0.00000000000000E+0000
 7.00000000000000E+0000
 4.00000000000000E+0000
 1.00000000000000E+0000
-6.00000000000000E+0000
-5.00000000000000E+0000
-1.10000000000000E+0001
-1.80000000000000E+0001
-2.10000000000000E+0001
-2.90000000000000E+0001
-3.50000000000000E+0001
-4.30000000000000E+0001
-5.30000000000000E+0001
-5.60000000000000E+0001
-6.20000000000000E+0001
-6.20000000000000E+0001
-6.00000000000000E+0001
-6.00000000000000E+0001
-5.80000000000000E+0001
-5.20000000000000E+0001
-5.30000000000000E+0001
-4.60000000000000E+0001
-4.40000000000000E+0001
-4.20000000000000E+0001
-4.40000000000000E+0001
-3.80000000000000E+0001
-2.20000000000000E+0001
-7.00000000000000E+0000
 1.20000000000000E+0001
 1.80000000000000E+0001
 1.90000000000000E+0001
 1.10000000000000E+0001
 7.00000000000000E+0000
 1.00000000000000E+0001
 1.30000000000000E+0001
 2.50000000000000E+0001
 2.60000000000000E+0001
 2.60000000000000E+0001
 2.60000000000000E+0001
 2.80000000000000E+0001
 3.00000000000000E+0001
 3.70000000000000E+0001
 4.30000000000000E+0001
 4.30000000000000E+0001
 4.30000000000000E+0001
 3.80000000000000E+0001
 3.30000000000000E+0001
 2.60000000000000E+0001
 2.00000000000000E+0001
 1.30000000000000E+0001
 1.10000000000000E+0001
 9.00000000000000E+0000
 6.00000000000000E+0000
 6.00000000000000E+0000
 1.30000000000000E+0001
 2.20000000000000E+0001
 2.70000000000000E+0001
 3.60000000000000E+0001
 3.60000000000000E+0001
 3.20000000000000E+0001
 3.00000000000000E+0001
 2.20000000000000E+0001
 1.90000000000000E+0001
 1.20000000000000E+0001
 1.10000000000000E+0001
 1.10000000000000E+0001
 1.70000000000000E+0001
 2.00000000000000E+0001
 2.00000000000000E+0001
 1.80000000000000E+0001
 2.00000000000000E+0001
 1.80000000000000E+0001
 1.50000000000000E+0001
 1.10000000000000E+0001
 6.00000000000000E+0000
-1.00000000000000E+0000
-1.00000000000000E+0000
-3.00000000000000E+0000
-3.00000000000000E+0000
 3.00000000000000E+0000
 1.00000000000000E+0000
 2.00000000000000E+0000
 1.00000000000000E+0000
-6.00000000000000E+0000
-1.50000000000000E+0001
-2.20000000000000E+0001
-2.20000000000000E+0001
-1.10000000000000E+0001
-3.00000000000000E+0000
 3.00000000000000E+0000
 5.00000000000000E+0000
 8.00000000000000E+0000
 1.30000000000000E+0001
 2.70000000000000E+0001
 3.20000000000000E+0001
 4.40000000000000E+0001
 4.70000000000000E+0001
 5.10000000000000E+0001
 5.30000000000000E+0001
 5.30000000000000E+0001
 5.20000000000000E+0001
 4.90000000000000E+0001
 5.40000000000000E+0001
 5.30000000000000E+0001
 4.90000000000000E+0001
 4.20000000000000E+0001
 3.90000000000000E+0001
 2.90000000000000E+0001
 2.40000000000000E+0001
 2.30000000000000E+0001
 2.20000000000000E+0001
 2.60000000000000E+0001
 3.50000000000000E+0001
 3.80000000000000E+0001
 3.40000000000000E+0001
 3.70000000000000E+0001
 4.10000000000000E+0001
 5.30000000000000E+0001
