 3.90000000000000E+0001
-5.20000000000000E+0001
-2.01000000000000E+0002
-3.55000000000000E+0002
-5.09000000000000E+0002
-5.94000000000000E+0002
-5.82000000000000E+0002
-4.81000000000000E+0002
-3.51000000000000E+0002
-2.03000000000000E+0002
-7.60000000000000E+0001
 3.30000000000000E+0001
 1.10000000000000E+0002
 1.87000000000000E+0002
 2.50000000000000E+0002
 3.20000000000000E+0002
 3.55000000000000E+0002
 3.70000000000000E+0002
 3.70000000000000E+0002
 3.66000000000000E+0002
 3.54000000000000E+0002
 3.46000000000000E+0002
 3.04000000000000E+0002
 2.65000000000000E+0002
 2.01000000000000E+0002
 1.37000000000000E+0002
 1.80000000000000E+0001
-6.80000000000000E+0001
-1.93000000000000E+0002
-3.15000000000000E+0002
-4.18000000000000E+0002
-4.71000000000000E+0002
-4.43000000000000E+0002
-3.33000000000000E+0002
-2.02000000000000E+0002
-5.30000000000000E+0001
 6.20000000000000E+0001
 1.44000000000000E+0002
 1.95000000000000E+0002
 2.33000000000000E+0002
 2.75000000000000E+0002
 3.11000000000000E+0002
 3.36000000000000E+0002
 3.39000000000000E+0002
 3.34000000000000E+0002
 3.24000000000000E+0002
 3.14000000000000E+0002
 3.05000000000000E+0002
 2.59000000000000E+0002
 2.10000000000000E+0002
 1.35000000000000E+0002
 9.10000000000000E+0001
 4.00000000000000E+0000
-9.30000000000000E+0001
-2.32000000000000E+0002
-3.82000000000000E+0002
-5.10000000000000E+0002
-6.24000000000000E+0002
-6.72000000000000E+0002
-6.68000000000000E+0002
-5.84000000000000E+0002
-4.61000000000000E+0002
-3.36000000000000E+0002
-2.18000000000000E+0002
-1.25000000000000E+0002
-2.70000000000000E+0001
 5.50000000000000E+0001
 1.33000000000000E+0002
 1.88000000000000E+0002
 2.42000000000000E+0002
 2.78000000000000E+0002
 3.15000000000000E+0002
 3.09000000000000E+0002
 2.68000000000000E+0002
 1.86000000000000E+0002
 7.50000000000000E+0001
-1.50000000000000E+0001
-1.15000000000000E+0002
-2.09000000000000E+0002
-3.65000000000000E+0002
-4.95000000000000E+0002
-5.69000000000000E+0002
-5.14000000000000E+0002
-3.91000000000000E+0002
-2.43000000000000E+0002
-1.03000000000000E+0002
 2.50000000000000E+0001
 1.18000000000000E+0002
 1.18000000000000E+0002
 1.82000000000000E+0002
 2.15000000000000E+0002
 2.37000000000000E+0002
 2.72000000000000E+0002
 2.96000000000000E+0002
 3.11000000000000E+0002
 3.15000000000000E+0002
 2.91000000000000E+0002
 2.82000000000000E+0002
 2.78000000000000E+0002
 3.00000000000000E+0002
 2.82000000000000E+0002
 2.33000000000000E+0002
 1.60000000000000E+0002
 7.70000000000000E+0001
-2.00000000000000E+0001
-1.38000000000000E+0002
-2.91000000000000E+0002
-4.48000000000000E+0002
-6.17000000000000E+0002
-7.40000000000000E+0002
-7.94000000000000E+0002
-7.63000000000000E+0002
-6.54000000000000E+0002
-5.05000000000000E+0002
-3.50000000000000E+0002
-2.36000000000000E+0002
-1.41000000000000E+0002
-4.70000000000000E+0001
 4.00000000000000E+0001
 1.14000000000000E+0002
 1.65000000000000E+0002
 1.95000000000000E+0002
 2.11000000000000E+0002
 2.23000000000000E+0002
 2.38000000000000E+0002
 2.64000000000000E+0002
 2.77000000000000E+0002
 2.54000000000000E+0002
 2.08000000000000E+0002
 1.39000000000000E+0002
 5.00000000000000E+0001
-6.70000000000000E+0001
-1.67000000000000E+0002
-2.92000000000000E+0002
-4.39000000000000E+0002
-5.57000000000000E+0002
-6.29000000000000E+0002
-5.66000000000000E+0002
-4.29000000000000E+0002
-2.81000000000000E+0002
-1.46000000000000E+0002
-3.90000000000000E+0001
 2.60000000000000E+0001
 7.60000000000000E+0001
 1.25000000000000E+0002
 1.75000000000000E+0002
 2.12000000000000E+0002
 2.31000000000000E+0002
 2.36000000000000E+0002
 2.31000000000000E+0002
 2.34000000000000E+0002
 2.29000000000000E+0002
 2.17000000000000E+0002
 1.81000000000000E+0002
 1.46000000000000E+0002
 9.70000000000000E+0001
 4.80000000000000E+0001
-6.20000000000000E+0001
-1.76000000000000E+0002
-3.51000000000000E+0002
-4.88000000000000E+0002
-6.23000000000000E+0002
-6.81000000000000E+0002
-6.59000000000000E+0002
-5.66000000000000E+0002
-4.27000000000000E+0002
-2.76000000000000E+0002
-1.42000000000000E+0002
-3.40000000000000E+0001
 4.10000000000000E+0001
 1.06000000000000E+0002
 1.77000000000000E+0002
 2.31000000000000E+0002
 2.83000000000000E+0002
 3.01000000000000E+0002
 3.04000000000000E+0002
 3.03000000000000E+0002
 2.96000000000000E+0002
 3.13000000000000E+0002
 3.08000000000000E+0002
 2.89000000000000E+0002
 2.44000000000000E+0002
 1.77000000000000E+0002
 9.80000000000000E+0001
-3.60000000000000E+0001
-1.60000000000000E+0002
-3.23000000000000E+0002
-4.55000000000000E+0002
-5.48000000000000E+0002
-5.80000000000000E+0002
-5.19000000000000E+0002
-4.22000000000000E+0002
-3.01000000000000E+0002
-1.84000000000000E+0002
-8.50000000000000E+0001
-1.90000000000000E+0001
 4.70000000000000E+0001
 1.17000000000000E+0002
 1.83000000000000E+0002
 2.42000000000000E+0002
 2.65000000000000E+0002
 2.72000000000000E+0002
 2.62000000000000E+0002
 2.62000000000000E+0002
 2.73000000000000E+0002
 2.81000000000000E+0002
 2.55000000000000E+0002
 2.22000000000000E+0002
 1.68000000000000E+0002
 1.13000000000000E+0002
 5.00000000000000E+0000
-1.07000000000000E+0002
-2.73000000000000E+0002
-4.34000000000000E+0002
-5.76000000000000E+0002
-6.49000000000000E+0002
-6.33000000000000E+0002
-5.47000000000000E+0002
-4.26000000000000E+0002
-2.91000000000000E+0002
-1.67000000000000E+0002
-6.50000000000000E+0001
 1.50000000000000E+0001
 9.30000000000000E+0001
 1.69000000000000E+0002
 2.42000000000000E+0002
 3.04000000000000E+0002
 3.58000000000000E+0002
 3.97000000000000E+0002
 3.91000000000000E+0002
 3.55000000000000E+0002
 2.63000000000000E+0002
 1.61000000000000E+0002
 5.70000000000000E+0001
-2.90000000000000E+0001
-1.50000000000000E+0002
-3.40000000000000E+0002
-5.24000000000000E+0002
-6.26000000000000E+0002
-5.92000000000000E+0002
-4.65000000000000E+0002
-3.27000000000000E+0002
-1.73000000000000E+0002
-3.50000000000000E+0001
 1.03000000000000E+0002
 1.90000000000000E+0002
 2.44000000000000E+0002
 2.67000000000000E+0002
 2.94000000000000E+0002
 3.28000000000000E+0002
 3.58000000000000E+0002
 3.73000000000000E+0002
 3.81000000000000E+0002
 3.71000000000000E+0002
 3.59000000000000E+0002
 3.59000000000000E+0002
 3.83000000000000E+0002
 3.85000000000000E+0002
 3.55000000000000E+0002
 2.85000000000000E+0002
 1.91000000000000E+0002
 7.80000000000000E+0001
-5.40000000000000E+0001
-2.33000000000000E+0002
-4.19000000000000E+0002
-6.00000000000000E+0002
-7.33000000000000E+0002
-7.85000000000000E+0002
-7.65000000000000E+0002
-6.57000000000000E+0002
-5.04000000000000E+0002
-3.60000000000000E+0002
-2.40000000000000E+0002
-1.45000000000000E+0002
-4.40000000000000E+0001
 4.50000000000000E+0001
 1.28000000000000E+0002
 1.77000000000000E+0002
 2.07000000000000E+0002
 2.20000000000000E+0002
 2.39000000000000E+0002
 2.65000000000000E+0002
 3.00000000000000E+0002
 3.16000000000000E+0002
 3.06000000000000E+0002
 2.76000000000000E+0002
 2.13000000000000E+0002
 1.30000000000000E+0002
-1.00000000000000E+0001
-1.43000000000000E+0002
-3.08000000000000E+0002
-4.34000000000000E+0002
-5.12000000000000E+0002
-5.14000000000000E+0002
-4.27000000000000E+0002
-3.06000000000000E+0002
-1.73000000000000E+0002
-6.30000000000000E+0001
 1.70000000000000E+0001
 7.30000000000000E+0001
 1.24000000000000E+0002
 1.82000000000000E+0002
 2.38000000000000E+0002
 2.82000000000000E+0002
 3.06000000000000E+0002
 3.11000000000000E+0002
 3.04000000000000E+0002
 3.12000000000000E+0002
 3.29000000000000E+0002
 3.45000000000000E+0002
 3.29000000000000E+0002
 3.01000000000000E+0002
 2.46000000000000E+0002
 1.69000000000000E+0002
 4.40000000000000E+0001
-9.60000000000000E+0001
-2.84000000000000E+0002
-4.50000000000000E+0002
-5.85000000000000E+0002
-6.46000000000000E+0002
-6.42000000000000E+0002
-5.67000000000000E+0002
-4.32000000000000E+0002
-2.78000000000000E+0002
-1.29000000000000E+0002
-4.50000000000000E+0001
 2.70000000000000E+0001
 9.40000000000000E+0001
 1.73000000000000E+0002
 2.35000000000000E+0002
 2.79000000000000E+0002
 2.92000000000000E+0002
 3.00000000000000E+0002
 3.03000000000000E+0002
 3.18000000000000E+0002
 3.35000000000000E+0002
 3.49000000000000E+0002
 3.25000000000000E+0002
 2.90000000000000E+0002
 2.21000000000000E+0002
 1.29000000000000E+0002
-1.10000000000000E+0001
-1.63000000000000E+0002
-3.49000000000000E+0002
-4.91000000000000E+0002
-5.81000000000000E+0002
-5.98000000000000E+0002
-5.21000000000000E+0002
-4.11000000000000E+0002
-2.79000000000000E+0002
-1.60000000000000E+0002
-6.40000000000000E+0001
 1.00000000000000E+0001
 7.20000000000000E+0001
 1.35000000000000E+0002
 1.89000000000000E+0002
 2.36000000000000E+0002
 2.57000000000000E+0002
 2.71000000000000E+0002
 2.77000000000000E+0002
 3.04000000000000E+0002
 3.25000000000000E+0002
 3.49000000000000E+0002
 3.35000000000000E+0002
 3.06000000000000E+0002
 2.44000000000000E+0002
 1.59000000000000E+0002
 3.30000000000000E+0001
-9.70000000000000E+0001
-2.88000000000000E+0002
-4.59000000000000E+0002
-6.08000000000000E+0002
-6.74000000000000E+0002
-6.26000000000000E+0002
-5.10000000000000E+0002
-3.65000000000000E+0002
-2.10000000000000E+0002
-1.04000000000000E+0002
-3.20000000000000E+0001
 2.70000000000000E+0001
 1.04000000000000E+0002
 1.72000000000000E+0002
 2.26000000000000E+0002
 2.49000000000000E+0002
 2.65000000000000E+0002
 2.71000000000000E+0002
 2.95000000000000E+0002
 3.14000000000000E+0002
 3.31000000000000E+0002
 3.16000000000000E+0002
 2.89000000000000E+0002
 2.25000000000000E+0002
 1.61000000000000E+0002
 4.00000000000000E+0001
-9.30000000000000E+0001
-2.82000000000000E+0002
-4.33000000000000E+0002
-5.55000000000000E+0002
-5.78000000000000E+0002
-5.36000000000000E+0002
-4.39000000000000E+0002
-2.91000000000000E+0002
-1.50000000000000E+0002
-3.00000000000000E+0001
 4.70000000000000E+0001
 1.18000000000000E+0002
 1.84000000000000E+0002
 2.27000000000000E+0002
 2.82000000000000E+0002
 3.11000000000000E+0002
 3.08000000000000E+0002
 3.23000000000000E+0002
 3.27000000000000E+0002
 3.42000000000000E+0002
 3.82000000000000E+0002
 3.72000000000000E+0002
 3.57000000000000E+0002
 3.01000000000000E+0002
 2.48000000000000E+0002
 1.39000000000000E+0002
-1.00000000000000E+0000
-1.92000000000000E+0002
-3.99000000000000E+0002
-5.57000000000000E+0002
-6.66000000000000E+0002
-6.65000000000000E+0002
-5.88000000000000E+0002
-4.59000000000000E+0002
-3.08000000000000E+0002
-1.87000000000000E+0002
-1.02000000000000E+0002
-3.50000000000000E+0001
 4.10000000000000E+0001
 1.28000000000000E+0002
 1.90000000000000E+0002
 2.28000000000000E+0002
 2.50000000000000E+0002
 2.49000000000000E+0002
 2.73000000000000E+0002
 2.93000000000000E+0002
 3.23000000000000E+0002
 3.11000000000000E+0002
 3.00000000000000E+0002
 2.57000000000000E+0002
 1.76000000000000E+0002
 6.00000000000000E+0001
-8.50000000000000E+0001
-2.53000000000000E+0002
-4.02000000000000E+0002
-5.16000000000000E+0002
-5.57000000000000E+0002
-5.15000000000000E+0002
-4.27000000000000E+0002
-2.91000000000000E+0002
-1.46000000000000E+0002
-1.60000000000000E+0001
 6.70000000000000E+0001
 1.27000000000000E+0002
 1.92000000000000E+0002
 2.47000000000000E+0002
 2.99000000000000E+0002
 3.24000000000000E+0002
 3.44000000000000E+0002
 3.39000000000000E+0002
 3.41000000000000E+0002
 3.58000000000000E+0002
 3.90000000000000E+0002
 3.99000000000000E+0002
 3.83000000000000E+0002
 3.39000000000000E+0002
 2.59000000000000E+0002
 1.66000000000000E+0002
 1.70000000000000E+0001
-1.54000000000000E+0002
-3.51000000000000E+0002
-5.19000000000000E+0002
-6.44000000000000E+0002
-6.83000000000000E+0002
-6.41000000000000E+0002
-5.22000000000000E+0002
-3.69000000000000E+0002
-2.38000000000000E+0002
-1.39000000000000E+0002
-6.30000000000000E+0001
 9.00000000000000E+0000
 1.04000000000000E+0002
 1.79000000000000E+0002
 2.37000000000000E+0002
 2.68000000000000E+0002
 2.86000000000000E+0002
 2.89000000000000E+0002
 3.09000000000000E+0002
 3.37000000000000E+0002
 3.72000000000000E+0002
 3.72000000000000E+0002
 3.44000000000000E+0002
 2.89000000000000E+0002
 1.81000000000000E+0002
 6.50000000000000E+0001
-1.02000000000000E+0002
-3.05000000000000E+0002
-4.76000000000000E+0002
-5.94000000000000E+0002
-6.21000000000000E+0002
-5.56000000000000E+0002
-4.43000000000000E+0002
-3.12000000000000E+0002
-1.66000000000000E+0002
-6.10000000000000E+0001
 2.30000000000000E+0001
 9.40000000000000E+0001
 1.65000000000000E+0002
 2.35000000000000E+0002
 2.94000000000000E+0002
 3.36000000000000E+0002
 3.48000000000000E+0002
 3.59000000000000E+0002
 3.76000000000000E+0002
 3.92000000000000E+0002
 4.18000000000000E+0002
 4.27000000000000E+0002
 4.09000000000000E+0002
 3.61000000000000E+0002
 2.77000000000000E+0002
 1.67000000000000E+0002
-2.00000000000000E+0000
-1.96000000000000E+0002
-4.05000000000000E+0002
-5.65000000000000E+0002
-6.64000000000000E+0002
-6.59000000000000E+0002
-5.84000000000000E+0002
-4.53000000000000E+0002
-2.95000000000000E+0002
-1.66000000000000E+0002
-8.50000000000000E+0001
-9.00000000000000E+0000
 6.90000000000000E+0001
 1.49000000000000E+0002
 2.14000000000000E+0002
 2.61000000000000E+0002
 2.86000000000000E+0002
 2.99000000000000E+0002
 3.05000000000000E+0002
 3.31000000000000E+0002
 3.65000000000000E+0002
 3.95000000000000E+0002
 3.96000000000000E+0002
 3.59000000000000E+0002
 2.95000000000000E+0002
 1.87000000000000E+0002
 4.40000000000000E+0001
-1.47000000000000E+0002
-3.68000000000000E+0002
-5.50000000000000E+0002
-6.57000000000000E+0002
-6.65000000000000E+0002
-5.81000000000000E+0002
-4.42000000000000E+0002
-2.90000000000000E+0002
-1.51000000000000E+0002
-6.10000000000000E+0001
 1.00000000000000E+0001
 7.40000000000000E+0001
 1.49000000000000E+0002
 2.13000000000000E+0002
 2.62000000000000E+0002
 2.91000000000000E+0002
 3.06000000000000E+0002
 3.11000000000000E+0002
 3.26000000000000E+0002
 3.59000000000000E+0002
 3.99000000000000E+0002
 4.07000000000000E+0002
 3.91000000000000E+0002
 3.32000000000000E+0002
 2.23000000000000E+0002
 9.60000000000000E+0001
-8.40000000000000E+0001
-3.05000000000000E+0002
-5.09000000000000E+0002
-6.67000000000000E+0002
-7.09000000000000E+0002
-6.60000000000000E+0002
-5.36000000000000E+0002
-3.92000000000000E+0002
-2.47000000000000E+0002
-1.34000000000000E+0002
-6.10000000000000E+0001
 1.90000000000000E+0001
 8.00000000000000E+0001
 1.57000000000000E+0002
 2.03000000000000E+0002
 2.49000000000000E+0002
 2.69000000000000E+0002
 2.88000000000000E+0002
 3.01000000000000E+0002
 3.37000000000000E+0002
 3.68000000000000E+0002
 4.03000000000000E+0002
 3.92000000000000E+0002
 3.46000000000000E+0002
 2.46000000000000E+0002
 1.26000000000000E+0002
-5.10000000000000E+0001
-2.65000000000000E+0002
-4.76000000000000E+0002
-6.49000000000000E+0002
-7.23000000000000E+0002
-6.85000000000000E+0002
-5.72000000000000E+0002
-4.19000000000000E+0002
-2.60000000000000E+0002
-1.35000000000000E+0002
-5.00000000000000E+0001
 1.30000000000000E+0001
 7.60000000000000E+0001
 1.46000000000000E+0002
 2.08000000000000E+0002
 2.49000000000000E+0002
 2.77000000000000E+0002
 2.89000000000000E+0002
 3.07000000000000E+0002
 3.33000000000000E+0002
 3.73000000000000E+0002
 4.12000000000000E+0002
 4.07000000000000E+0002
 3.65000000000000E+0002
 2.77000000000000E+0002
 1.58000000000000E+0002
 6.00000000000000E+0000
-2.13000000000000E+0002
-4.34000000000000E+0002
-6.35000000000000E+0002
-7.37000000000000E+0002
-7.12000000000000E+0002
-6.16000000000000E+0002
-4.58000000000000E+0002
-3.14000000000000E+0002
-1.85000000000000E+0002
-1.04000000000000E+0002
-2.80000000000000E+0001
 3.60000000000000E+0001
 1.06000000000000E+0002
 1.77000000000000E+0002
 2.27000000000000E+0002
 2.60000000000000E+0002
 2.80000000000000E+0002
 3.06000000000000E+0002
 3.26000000000000E+0002
 3.66000000000000E+0002
 4.09000000000000E+0002
 4.22000000000000E+0002
 3.96000000000000E+0002
 3.27000000000000E+0002
 2.10000000000000E+0002
 7.40000000000000E+0001
-1.29000000000000E+0002
-3.56000000000000E+0002
-5.61000000000000E+0002
-6.82000000000000E+0002
-7.02000000000000E+0002
-6.11000000000000E+0002
-4.78000000000000E+0002
-3.20000000000000E+0002
-1.91000000000000E+0002
-9.90000000000000E+0001
-4.20000000000000E+0001
 3.20000000000000E+0001
 9.70000000000000E+0001
 1.84000000000000E+0002
 2.33000000000000E+0002
 2.72000000000000E+0002
 3.03000000000000E+0002
 3.37000000000000E+0002
 3.60000000000000E+0002
 3.78000000000000E+0002
 3.60000000000000E+0002
 3.21000000000000E+0002
 2.65000000000000E+0002
 1.62000000000000E+0002
 3.50000000000000E+0001
-1.40000000000000E+0002
-3.39000000000000E+0002
-5.13000000000000E+0002
-6.39000000000000E+0002
-6.44000000000000E+0002
-5.69000000000000E+0002
-4.31000000000000E+0002
-2.74000000000000E+0002
-1.13000000000000E+0002
-1.30000000000000E+0001
 6.00000000000000E+0001
 1.15000000000000E+0002
 1.72000000000000E+0002
 2.43000000000000E+0002
 2.97000000000000E+0002
 3.34000000000000E+0002
 3.60000000000000E+0002
 3.75000000000000E+0002
 3.84000000000000E+0002
 4.20000000000000E+0002
 4.61000000000000E+0002
 4.96000000000000E+0002
 5.05000000000000E+0002
 4.48000000000000E+0002
 3.65000000000000E+0002
 2.19000000000000E+0002
 3.60000000000000E+0001
-2.18000000000000E+0002
-4.55000000000000E+0002
-6.77000000000000E+0002
-7.90000000000000E+0002
-7.93000000000000E+0002
-7.04000000000000E+0002
-5.52000000000000E+0002
-3.92000000000000E+0002
-2.63000000000000E+0002
-1.63000000000000E+0002
-8.50000000000000E+0001
 1.30000000000000E+0001
 1.07000000000000E+0002
 1.74000000000000E+0002
 2.32000000000000E+0002
 2.74000000000000E+0002
 3.27000000000000E+0002
 3.60000000000000E+0002
 3.93000000000000E+0002
 3.96000000000000E+0002
 3.74000000000000E+0002
 3.39000000000000E+0002
 2.44000000000000E+0002
 1.17000000000000E+0002
-6.00000000000000E+0001
-2.77000000000000E+0002
-4.66000000000000E+0002
-6.24000000000000E+0002
-6.76000000000000E+0002
-6.25000000000000E+0002
-4.98000000000000E+0002
-3.30000000000000E+0002
-1.69000000000000E+0002
-4.90000000000000E+0001
 2.40000000000000E+0001
 7.30000000000000E+0001
 1.22000000000000E+0002
 2.06000000000000E+0002
 2.62000000000000E+0002
 3.22000000000000E+0002
 3.40000000000000E+0002
 3.68000000000000E+0002
 3.91000000000000E+0002
 4.14000000000000E+0002
 4.61000000000000E+0002
 5.06000000000000E+0002
 5.31000000000000E+0002
 5.10000000000000E+0002
 4.48000000000000E+0002
 3.21000000000000E+0002
 1.69000000000000E+0002
-6.30000000000000E+0001
-3.37000000000000E+0002
-5.84000000000000E+0002
-7.68000000000000E+0002
-8.27000000000000E+0002
-7.67000000000000E+0002
-6.26000000000000E+0002
-4.60000000000000E+0002
-3.20000000000000E+0002
-2.17000000000000E+0002
-1.34000000000000E+0002
-5.20000000000000E+0001
 4.00000000000000E+0001
 1.29000000000000E+0002
 1.90000000000000E+0002
 2.45000000000000E+0002
 2.81000000000000E+0002
 3.18000000000000E+0002
 3.65000000000000E+0002
 4.11000000000000E+0002
 4.37000000000000E+0002
 4.29000000000000E+0002
 3.96000000000000E+0002
 3.19000000000000E+0002
 1.92000000000000E+0002
 1.20000000000000E+0001
-2.19000000000000E+0002
-4.42000000000000E+0002
-6.53000000000000E+0002
-7.51000000000000E+0002
-7.36000000000000E+0002
-6.21000000000000E+0002
-4.56000000000000E+0002
-2.97000000000000E+0002
-1.81000000000000E+0002
-9.20000000000000E+0001
-2.00000000000000E+0001
 6.00000000000000E+0001
 1.31000000000000E+0002
 2.00000000000000E+0002
 2.52000000000000E+0002
 2.94000000000000E+0002
 3.21000000000000E+0002
 3.42000000000000E+0002
 3.78000000000000E+0002
 4.30000000000000E+0002
 4.77000000000000E+0002
 4.98000000000000E+0002
 4.77000000000000E+0002
 4.18000000000000E+0002
 2.90000000000000E+0002
 1.27000000000000E+0002
-1.17000000000000E+0002
-4.08000000000000E+0002
-6.80000000000000E+0002
-8.69000000000000E+0002
-8.91000000000000E+0002
-8.08000000000000E+0002
-6.32000000000000E+0002
-4.71000000000000E+0002
-3.38000000000000E+0002
-2.37000000000000E+0002
-1.49000000000000E+0002
-5.20000000000000E+0001
 4.20000000000000E+0001
 1.25000000000000E+0002
 1.95000000000000E+0002
 2.45000000000000E+0002
 2.85000000000000E+0002
 3.20000000000000E+0002
 3.63000000000000E+0002
 4.23000000000000E+0002
 4.86000000000000E+0002
 5.25000000000000E+0002
 5.25000000000000E+0002
 4.69000000000000E+0002
 3.59000000000000E+0002
 2.37000000000000E+0002
 2.10000000000000E+0001
-2.28000000000000E+0002
-5.10000000000000E+0002
-7.11000000000000E+0002
-7.71000000000000E+0002
-7.10000000000000E+0002
-5.47000000000000E+0002
-3.98000000000000E+0002
-2.55000000000000E+0002
-1.57000000000000E+0002
-7.40000000000000E+0001
 2.00000000000000E+0001
 1.07000000000000E+0002
 1.83000000000000E+0002
 2.48000000000000E+0002
 2.94000000000000E+0002
 3.38000000000000E+0002
 3.64000000000000E+0002
 3.97000000000000E+0002
 4.42000000000000E+0002
 4.91000000000000E+0002
 5.25000000000000E+0002
 5.25000000000000E+0002
 4.93000000000000E+0002
 4.04000000000000E+0002
 2.82000000000000E+0002
 8.70000000000000E+0001
-1.79000000000000E+0002
-4.39000000000000E+0002
-6.65000000000000E+0002
-7.73000000000000E+0002
-7.36000000000000E+0002
-6.17000000000000E+0002
-4.64000000000000E+0002
-3.31000000000000E+0002
-2.35000000000000E+0002
-1.54000000000000E+0002
-7.30000000000000E+0001
 2.10000000000000E+0001
 1.03000000000000E+0002
 1.65000000000000E+0002
 2.15000000000000E+0002
 2.55000000000000E+0002
 2.81000000000000E+0002
 3.17000000000000E+0002
 3.67000000000000E+0002
 4.34000000000000E+0002
 4.81000000000000E+0002
 5.00000000000000E+0002
 4.70000000000000E+0002
 4.10000000000000E+0002
 2.92000000000000E+0002
 1.22000000000000E+0002
-1.32000000000000E+0002
-3.95000000000000E+0002
-6.52000000000000E+0002
-7.91000000000000E+0002
-7.85000000000000E+0002
-6.73000000000000E+0002
-5.06000000000000E+0002
-3.53000000000000E+0002
-2.37000000000000E+0002
-1.50000000000000E+0002
-6.80000000000000E+0001
 2.30000000000000E+0001
 1.10000000000000E+0002
 1.78000000000000E+0002
 2.39000000000000E+0002
 2.84000000000000E+0002
 3.07000000000000E+0002
 3.46000000000000E+0002
 3.83000000000000E+0002
 4.55000000000000E+0002
 5.09000000000000E+0002
 5.37000000000000E+0002
 5.13000000000000E+0002
 4.71000000000000E+0002
 3.53000000000000E+0002
 2.14000000000000E+0002
-1.10000000000000E+0001
-2.72000000000000E+0002
-5.37000000000000E+0002
-7.11000000000000E+0002
-7.38000000000000E+0002
-6.49000000000000E+0002
-4.89000000000000E+0002
-3.46000000000000E+0002
-2.34000000000000E+0002
-1.42000000000000E+0002
-6.90000000000000E+0001
 2.30000000000000E+0001
 1.08000000000000E+0002
 1.80000000000000E+0002
 2.33000000000000E+0002
 2.87000000000000E+0002
 3.24000000000000E+0002
 3.65000000000000E+0002
 4.22000000000000E+0002
 5.16000000000000E+0002
 5.99000000000000E+0002
 5.84000000000000E+0002
 4.72000000000000E+0002
 3.29000000000000E+0002
 7.10000000000000E+0001
-2.25000000000000E+0002
-5.66000000000000E+0002
-8.21000000000000E+0002
-8.82000000000000E+0002
-7.94000000000000E+0002
-6.39000000000000E+0002
-4.47000000000000E+0002
-2.70000000000000E+0002
-1.29000000000000E+0002
-2.90000000000000E+0001
 3.90000000000000E+0001
 9.80000000000000E+0001
 1.82000000000000E+0002
 2.51000000000000E+0002
 3.10000000000000E+0002
 3.58000000000000E+0002
 3.82000000000000E+0002
 3.98000000000000E+0002
 4.23000000000000E+0002
 4.57000000000000E+0002
 5.23000000000000E+0002
 5.82000000000000E+0002
 5.89000000000000E+0002
 5.53000000000000E+0002
 4.31000000000000E+0002
 2.82000000000000E+0002
 5.00000000000000E+0001
-2.68000000000000E+0002
-5.65000000000000E+0002
-7.98000000000000E+0002
-8.73000000000000E+0002
-8.27000000000000E+0002
-7.11000000000000E+0002
-5.51000000000000E+0002
-4.13000000000000E+0002
-3.02000000000000E+0002
-2.09000000000000E+0002
-1.15000000000000E+0002
-2.10000000000000E+0001
 6.80000000000000E+0001
 1.40000000000000E+0002
 1.93000000000000E+0002
 2.38000000000000E+0002
 2.76000000000000E+0002
 3.12000000000000E+0002
 3.66000000000000E+0002
 4.34000000000000E+0002
 4.99000000000000E+0002
 5.24000000000000E+0002
 4.93000000000000E+0002
 4.27000000000000E+0002
 3.10000000000000E+0002
 1.23000000000000E+0002
-1.54000000000000E+0002
-4.69000000000000E+0002
-7.36000000000000E+0002
-8.64000000000000E+0002
-8.28000000000000E+0002
-6.93000000000000E+0002
-5.45000000000000E+0002
-3.93000000000000E+0002
-2.82000000000000E+0002
-1.77000000000000E+0002
-8.20000000000000E+0001
 1.40000000000000E+0001
 9.40000000000000E+0001
 1.70000000000000E+0002
 2.20000000000000E+0002
 2.85000000000000E+0002
 3.18000000000000E+0002
 3.56000000000000E+0002
 4.01000000000000E+0002
 4.58000000000000E+0002
 5.21000000000000E+0002
 5.45000000000000E+0002
 5.21000000000000E+0002
 4.64000000000000E+0002
 3.48000000000000E+0002
 1.82000000000000E+0002
-8.30000000000000E+0001
-3.92000000000000E+0002
-6.64000000000000E+0002
-8.26000000000000E+0002
-8.06000000000000E+0002
-6.97000000000000E+0002
-5.42000000000000E+0002
-3.93000000000000E+0002
-2.84000000000000E+0002
-1.83000000000000E+0002
-9.80000000000000E+0001
-6.00000000000000E+0000
 7.40000000000000E+0001
 1.44000000000000E+0002
 1.98000000000000E+0002
 2.46000000000000E+0002
 2.82000000000000E+0002
 3.17000000000000E+0002
 3.59000000000000E+0002
 4.13000000000000E+0002
 4.76000000000000E+0002
 5.21000000000000E+0002
 5.06000000000000E+0002
 4.76000000000000E+0002
 3.76000000000000E+0002
 2.39000000000000E+0002
 9.00000000000000E+0000
-3.10000000000000E+0002
-6.11000000000000E+0002
-8.16000000000000E+0002
-8.49000000000000E+0002
-7.53000000000000E+0002
-6.05000000000000E+0002
-4.53000000000000E+0002
-3.33000000000000E+0002
-2.25000000000000E+0002
-1.39000000000000E+0002
-4.10000000000000E+0001
 4.60000000000000E+0001
 1.27000000000000E+0002
 1.93000000000000E+0002
 2.51000000000000E+0002
 3.03000000000000E+0002
 3.66000000000000E+0002
 4.29000000000000E+0002
 4.58000000000000E+0002
 4.42000000000000E+0002
 3.84000000000000E+0002
 2.87000000000000E+0002
 1.58000000000000E+0002
 2.00000000000000E+0000
-2.42000000000000E+0002
-4.90000000000000E+0002
-7.07000000000000E+0002
-7.84000000000000E+0002
-7.11000000000000E+0002
-5.67000000000000E+0002
-3.79000000000000E+0002
-2.19000000000000E+0002
-1.06000000000000E+0002
-1.20000000000000E+0001
 4.70000000000000E+0001
 1.22000000000000E+0002
 1.91000000000000E+0002
 2.45000000000000E+0002
 2.93000000000000E+0002
 3.22000000000000E+0002
 3.56000000000000E+0002
 3.73000000000000E+0002
 4.04000000000000E+0002
 4.48000000000000E+0002
 5.19000000000000E+0002
 5.73000000000000E+0002
 5.92000000000000E+0002
 5.61000000000000E+0002
 4.87000000000000E+0002
 3.43000000000000E+0002
 1.03000000000000E+0002
-2.53000000000000E+0002
-5.81000000000000E+0002
-8.44000000000000E+0002
-9.38000000000000E+0002
-8.83000000000000E+0002
-7.59000000000000E+0002
-5.87000000000000E+0002
-4.36000000000000E+0002
-3.20000000000000E+0002
-2.16000000000000E+0002
-1.09000000000000E+0002
 3.00000000000000E+0000
 9.60000000000000E+0001
 1.56000000000000E+0002
 2.17000000000000E+0002
 2.56000000000000E+0002
 3.33000000000000E+0002
 3.80000000000000E+0002
 4.29000000000000E+0002
 4.41000000000000E+0002
 4.30000000000000E+0002
 3.95000000000000E+0002
 2.90000000000000E+0002
 1.64000000000000E+0002
-7.00000000000000E+0001
-3.16000000000000E+0002
-5.75000000000000E+0002
-7.46000000000000E+0002
-7.64000000000000E+0002
-6.63000000000000E+0002
-5.00000000000000E+0002
-3.34000000000000E+0002
-1.88000000000000E+0002
-9.20000000000000E+0001
-1.40000000000000E+0001
 6.00000000000000E+0001
 1.32000000000000E+0002
 2.13000000000000E+0002
 2.66000000000000E+0002
 3.12000000000000E+0002
 3.42000000000000E+0002
 3.67000000000000E+0002
 3.98000000000000E+0002
 4.41000000000000E+0002
 5.09000000000000E+0002
 5.59000000000000E+0002
 5.91000000000000E+0002
 5.71000000000000E+0002
 5.15000000000000E+0002
 4.13000000000000E+0002
 2.26000000000000E+0002
-7.30000000000000E+0001
-4.32000000000000E+0002
-7.61000000000000E+0002
-9.41000000000000E+0002
-9.27000000000000E+0002
-8.17000000000000E+0002
-6.42000000000000E+0002
-4.94000000000000E+0002
-3.62000000000000E+0002
-2.53000000000000E+0002
-1.54000000000000E+0002
-5.20000000000000E+0001
 3.40000000000000E+0001
 1.07000000000000E+0002
 1.76000000000000E+0002
 2.34000000000000E+0002
 2.91000000000000E+0002
 3.33000000000000E+0002
 3.82000000000000E+0002
 4.50000000000000E+0002
 5.17000000000000E+0002
 5.70000000000000E+0002
 5.76000000000000E+0002
 5.53000000000000E+0002
 4.62000000000000E+0002
 3.30000000000000E+0002
 8.30000000000000E+0001
-2.67000000000000E+0002
-5.99000000000000E+0002
-8.29000000000000E+0002
-8.83000000000000E+0002
-7.95000000000000E+0002
-6.43000000000000E+0002
-4.81000000000000E+0002
-3.45000000000000E+0002
-2.30000000000000E+0002
-1.34000000000000E+0002
-3.30000000000000E+0001
 5.90000000000000E+0001
 1.40000000000000E+0002
 2.05000000000000E+0002
 2.62000000000000E+0002
 3.11000000000000E+0002
 3.50000000000000E+0002
 3.80000000000000E+0002
 4.33000000000000E+0002
 5.05000000000000E+0002
 5.70000000000000E+0002
 6.09000000000000E+0002
 5.72000000000000E+0002
 5.26000000000000E+0002
 4.11000000000000E+0002
 2.31000000000000E+0002
-8.80000000000000E+0001
-4.31000000000000E+0002
-7.22000000000000E+0002
-8.65000000000000E+0002
-8.25000000000000E+0002
-6.95000000000000E+0002
-5.38000000000000E+0002
-3.96000000000000E+0002
-2.77000000000000E+0002
-1.78000000000000E+0002
-8.60000000000000E+0001
 1.60000000000000E+0001
 9.10000000000000E+0001
 1.58000000000000E+0002
 2.12000000000000E+0002
 2.71000000000000E+0002
 3.12000000000000E+0002
 3.57000000000000E+0002
 4.02000000000000E+0002
 4.70000000000000E+0002
 5.38000000000000E+0002
 5.74000000000000E+0002
 5.83000000000000E+0002
 5.56000000000000E+0002
 4.70000000000000E+0002
 3.41000000000000E+0002
 8.80000000000000E+0001
-2.56000000000000E+0002
-5.88000000000000E+0002
-8.10000000000000E+0002
-8.63000000000000E+0002
-7.76000000000000E+0002
-6.28000000000000E+0002
-4.75000000000000E+0002
-3.43000000000000E+0002
-2.39000000000000E+0002
-1.40000000000000E+0002
-4.40000000000000E+0001
 4.50000000000000E+0001
 1.14000000000000E+0002
 1.71000000000000E+0002
 2.29000000000000E+0002
 2.77000000000000E+0002
 3.21000000000000E+0002
 3.58000000000000E+0002
 4.16000000000000E+0002
 4.88000000000000E+0002
 5.45000000000000E+0002
 5.74000000000000E+0002
 5.62000000000000E+0002
 5.24000000000000E+0002
 4.13000000000000E+0002
 2.28000000000000E+0002
-9.20000000000000E+0001
-4.28000000000000E+0002
-7.34000000000000E+0002
-8.81000000000000E+0002
-8.56000000000000E+0002
-7.36000000000000E+0002
-5.84000000000000E+0002
-4.39000000000000E+0002
-3.25000000000000E+0002
-2.28000000000000E+0002
-1.29000000000000E+0002
-3.40000000000000E+0001
 5.20000000000000E+0001
 1.16000000000000E+0002
 1.77000000000000E+0002
 2.29000000000000E+0002
 2.82000000000000E+0002
 3.40000000000000E+0002
 4.22000000000000E+0002
 4.98000000000000E+0002
 5.53000000000000E+0002
 5.33000000000000E+0002
 4.54000000000000E+0002
 3.28000000000000E+0002
 1.92000000000000E+0002
-4.80000000000000E+0001
-3.57000000000000E+0002
-6.46000000000000E+0002
-8.42000000000000E+0002
-8.43000000000000E+0002
-7.32000000000000E+0002
-5.66000000000000E+0002
-4.06000000000000E+0002
-2.67000000000000E+0002
-1.72000000000000E+0002
-7.70000000000000E+0001
 1.00000000000000E+0000
 9.90000000000000E+0001
 1.71000000000000E+0002
 2.32000000000000E+0002
 2.88000000000000E+0002
 3.23000000000000E+0002
 3.66000000000000E+0002
 4.09000000000000E+0002
 4.63000000000000E+0002
 5.09000000000000E+0002
 5.23000000000000E+0002
 4.99000000000000E+0002
 4.33000000000000E+0002
 3.18000000000000E+0002
 1.52000000000000E+0002
-1.08000000000000E+0002
-3.97000000000000E+0002
-6.62000000000000E+0002
-8.17000000000000E+0002
-8.14000000000000E+0002
-7.14000000000000E+0002
-5.58000000000000E+0002
-4.03000000000000E+0002
-2.65000000000000E+0002
-1.63000000000000E+0002
-7.10000000000000E+0001
 1.20000000000000E+0001
 1.08000000000000E+0002
 1.76000000000000E+0002
 2.29000000000000E+0002
 2.74000000000000E+0002
 3.12000000000000E+0002
 3.36000000000000E+0002
 3.69000000000000E+0002
 4.13000000000000E+0002
 4.80000000000000E+0002
 5.47000000000000E+0002
 5.82000000000000E+0002
 5.81000000000000E+0002
 5.68000000000000E+0002
 4.81000000000000E+0002
 3.19000000000000E+0002
 1.30000000000000E+0001
-3.51000000000000E+0002
-7.04000000000000E+0002
-8.96000000000000E+0002
-9.22000000000000E+0002
-8.24000000000000E+0002
-6.62000000000000E+0002
-5.12000000000000E+0002
-3.85000000000000E+0002
-2.78000000000000E+0002
-1.83000000000000E+0002
-7.80000000000000E+0001
 9.00000000000000E+0000
 8.20000000000000E+0001
 1.56000000000000E+0002
 2.28000000000000E+0002
 3.10000000000000E+0002
 4.06000000000000E+0002
 5.06000000000000E+0002
 5.88000000000000E+0002
 6.09000000000000E+0002
 5.17000000000000E+0002
 3.85000000000000E+0002
 1.17000000000000E+0002
-2.31000000000000E+0002
-6.10000000000000E+0002
-8.95000000000000E+0002
-9.68000000000000E+0002
-8.76000000000000E+0002
-7.16000000000000E+0002
-5.33000000000000E+0002
-3.48000000000000E+0002
-1.91000000000000E+0002
-6.70000000000000E+0001
 1.70000000000000E+0001
 9.40000000000000E+0001
 1.65000000000000E+0002
 2.32000000000000E+0002
 2.77000000000000E+0002
 3.25000000000000E+0002
 3.54000000000000E+0002
 3.85000000000000E+0002
 4.11000000000000E+0002
 4.37000000000000E+0002
 4.85000000000000E+0002
 5.58000000000000E+0002
 6.15000000000000E+0002
 6.57000000000000E+0002
 6.36000000000000E+0002
 6.03000000000000E+0002
 4.76000000000000E+0002
 2.88000000000000E+0002
-6.30000000000000E+0001
-4.38000000000000E+0002
-7.80000000000000E+0002
-9.60000000000000E+0002
-9.73000000000000E+0002
-8.84000000000000E+0002
-7.41000000000000E+0002
-5.89000000000000E+0002
-4.52000000000000E+0002
-3.18000000000000E+0002
-2.01000000000000E+0002
-8.70000000000000E+0001
 1.30000000000000E+0001
 8.10000000000000E+0001
 1.34000000000000E+0002
 2.02000000000000E+0002
 2.68000000000000E+0002
 3.37000000000000E+0002
 4.24000000000000E+0002
 4.93000000000000E+0002
 5.37000000000000E+0002
 5.17000000000000E+0002
 4.45000000000000E+0002
 3.11000000000000E+0002
 1.78000000000000E+0002
-1.07000000000000E+0002
-4.06000000000000E+0002
-7.08000000000000E+0002
-8.70000000000000E+0002
-8.32000000000000E+0002
-7.13000000000000E+0002
-5.32000000000000E+0002
-3.65000000000000E+0002
-2.10000000000000E+0002
-1.08000000000000E+0002
-1.40000000000000E+0001
 6.70000000000000E+0001
 1.44000000000000E+0002
 2.04000000000000E+0002
 2.54000000000000E+0002
 3.02000000000000E+0002
 3.31000000000000E+0002
 3.64000000000000E+0002
 3.85000000000000E+0002
 4.10000000000000E+0002
 4.62000000000000E+0002
 5.28000000000000E+0002
 5.88000000000000E+0002
 6.06000000000000E+0002
 6.01000000000000E+0002
 5.67000000000000E+0002
 4.45000000000000E+0002
 2.37000000000000E+0002
-1.27000000000000E+0002
-5.01000000000000E+0002
-8.16000000000000E+0002
-9.69000000000000E+0002
-9.44000000000000E+0002
-8.24000000000000E+0002
-6.67000000000000E+0002
-5.27000000000000E+0002
-3.99000000000000E+0002
-2.89000000000000E+0002
-1.82000000000000E+0002
-8.50000000000000E+0001
 0.00000000000000E+0000
 6.20000000000000E+0001
 1.27000000000000E+0002
 1.95000000000000E+0002
 2.56000000000000E+0002
 3.38000000000000E+0002
 4.41000000000000E+0002
 5.46000000000000E+0002
 6.11000000000000E+0002
 6.05000000000000E+0002
 4.98000000000000E+0002
 3.50000000000000E+0002
 1.70000000000000E+0001
-3.65000000000000E+0002
-7.63000000000000E+0002
-9.58000000000000E+0002
-9.62000000000000E+0002
-8.40000000000000E+0002
-6.61000000000000E+0002
-4.81000000000000E+0002
-3.08000000000000E+0002
-1.62000000000000E+0002
-5.20000000000000E+0001
 2.50000000000000E+0001
 1.14000000000000E+0002
 1.83000000000000E+0002
 2.47000000000000E+0002
 3.09000000000000E+0002
 3.47000000000000E+0002
 4.03000000000000E+0002
 4.58000000000000E+0002
 5.49000000000000E+0002
 6.64000000000000E+0002
 7.73000000000000E+0002
 7.57000000000000E+0002
 6.35000000000000E+0002
 3.94000000000000E+0002
 2.10000000000000E+0001
-3.69000000000000E+0002
-7.61000000000000E+0002
-9.46000000000000E+0002
-9.72000000000000E+0002
-8.74000000000000E+0002
-7.34000000000000E+0002
-5.28000000000000E+0002
-3.47000000000000E+0002
-1.68000000000000E+0002
-6.10000000000000E+0001
 3.10000000000000E+0001
 1.19000000000000E+0002
 1.99000000000000E+0002
 2.72000000000000E+0002
 3.11000000000000E+0002
 3.50000000000000E+0002
 3.81000000000000E+0002
 4.16000000000000E+0002
 4.48000000000000E+0002
 4.77000000000000E+0002
 5.27000000000000E+0002
 5.99000000000000E+0002
 6.60000000000000E+0002
 7.04000000000000E+0002
 6.91000000000000E+0002
 6.48000000000000E+0002
 5.22000000000000E+0002
 3.03000000000000E+0002
-7.90000000000000E+0001
-4.53000000000000E+0002
-7.94000000000000E+0002
-9.69000000000000E+0002
-9.78000000000000E+0002
-8.77000000000000E+0002
-7.27000000000000E+0002
-5.73000000000000E+0002
-4.39000000000000E+0002
-3.13000000000000E+0002
-1.96000000000000E+0002
-9.70000000000000E+0001
-4.00000000000000E+0000
 6.10000000000000E+0001
 1.42000000000000E+0002
 2.03000000000000E+0002
 2.77000000000000E+0002
 3.67000000000000E+0002
 4.70000000000000E+0002
 5.59000000000000E+0002
 5.89000000000000E+0002
 5.67000000000000E+0002
 4.90000000000000E+0002
 3.60000000000000E+0002
 2.10000000000000E+0002
-9.20000000000000E+0001
-4.33000000000000E+0002
-7.33000000000000E+0002
-8.56000000000000E+0002
-8.03000000000000E+0002
-6.63000000000000E+0002
-4.90000000000000E+0002
-3.22000000000000E+0002
-1.70000000000000E+0002
-6.00000000000000E+0001
 2.70000000000000E+0001
 1.05000000000000E+0002
 1.70000000000000E+0002
 2.39000000000000E+0002
 2.76000000000000E+0002
 3.33000000000000E+0002
 3.72000000000000E+0002
 3.95000000000000E+0002
 4.30000000000000E+0002
 4.43000000000000E+0002
 5.04000000000000E+0002
 5.63000000000000E+0002
 6.33000000000000E+0002
 6.61000000000000E+0002
 6.71000000000000E+0002
 6.51000000000000E+0002
 5.52000000000000E+0002
 3.83000000000000E+0002
 3.40000000000000E+0001
-3.62000000000000E+0002
-7.25000000000000E+0002
-9.37000000000000E+0002
-9.69000000000000E+0002
-8.61000000000000E+0002
-7.15000000000000E+0002
-5.50000000000000E+0002
-4.14000000000000E+0002
-3.09000000000000E+0002
-1.93000000000000E+0002
-9.80000000000000E+0001
-9.00000000000000E+0000
 5.50000000000000E+0001
 1.34000000000000E+0002
 1.95000000000000E+0002
 2.55000000000000E+0002
 2.91000000000000E+0002
 3.28000000000000E+0002
 4.04000000000000E+0002
 4.75000000000000E+0002
 5.45000000000000E+0002
 5.76000000000000E+0002
 5.88000000000000E+0002
 5.67000000000000E+0002
 4.87000000000000E+0002
 3.48000000000000E+0002
 6.70000000000000E+0001
-2.66000000000000E+0002
-6.17000000000000E+0002
-8.78000000000000E+0002
-9.19000000000000E+0002
-8.53000000000000E+0002
-6.77000000000000E+0002
-5.20000000000000E+0002
-3.82000000000000E+0002
-2.74000000000000E+0002
-1.66000000000000E+0002
-7.30000000000000E+0001
 2.00000000000000E+0000
 6.80000000000000E+0001
 1.36000000000000E+0002
 1.84000000000000E+0002
 2.42000000000000E+0002
 2.78000000000000E+0002
 3.21000000000000E+0002
 3.74000000000000E+0002
 4.51000000000000E+0002
 5.22000000000000E+0002
 5.63000000000000E+0002
 5.75000000000000E+0002
 5.68000000000000E+0002
 5.05000000000000E+0002
 3.73000000000000E+0002
 1.42000000000000E+0002
-1.97000000000000E+0002
-5.47000000000000E+0002
-8.25000000000000E+0002
-9.47000000000000E+0002
-9.07000000000000E+0002
-7.76000000000000E+0002
-6.16000000000000E+0002
-4.78000000000000E+0002
-3.61000000000000E+0002
-2.53000000000000E+0002
-1.54000000000000E+0002
-6.80000000000000E+0001
 7.00000000000000E+0000
 7.00000000000000E+0001
 1.38000000000000E+0002
 1.97000000000000E+0002
 2.48000000000000E+0002
 2.93000000000000E+0002
 3.50000000000000E+0002
 4.24000000000000E+0002
 5.10000000000000E+0002
 5.43000000000000E+0002
 5.78000000000000E+0002
 5.66000000000000E+0002
 5.30000000000000E+0002
 4.00000000000000E+0002
 2.08000000000000E+0002
-1.39000000000000E+0002
-4.87000000000000E+0002
-8.15000000000000E+0002
-9.74000000000000E+0002
-9.68000000000000E+0002
-8.48000000000000E+0002
-6.72000000000000E+0002
-5.02000000000000E+0002
-3.54000000000000E+0002
-2.29000000000000E+0002
-1.18000000000000E+0002
-2.90000000000000E+0001
 4.90000000000000E+0001
 1.16000000000000E+0002
 2.14000000000000E+0002
 3.38000000000000E+0002
 4.58000000000000E+0002
 5.51000000000000E+0002
 5.67000000000000E+0002
 5.30000000000000E+0002
 3.90000000000000E+0002
 2.45000000000000E+0002
-1.90000000000000E+0001
-3.31000000000000E+0002
-6.26000000000000E+0002
-8.45000000000000E+0002
-8.43000000000000E+0002
-7.36000000000000E+0002
-5.69000000000000E+0002
-3.78000000000000E+0002
-1.90000000000000E+0002
-2.20000000000000E+0001
 1.16000000000000E+0002
 1.98000000000000E+0002
 2.64000000000000E+0002
 3.20000000000000E+0002
 3.69000000000000E+0002
 4.11000000000000E+0002
 4.53000000000000E+0002
 4.97000000000000E+0002
 5.67000000000000E+0002
 6.40000000000000E+0002
 7.19000000000000E+0002
 7.31000000000000E+0002
 6.45000000000000E+0002
 4.89000000000000E+0002
 1.77000000000000E+0002
-1.96000000000000E+0002
-6.15000000000000E+0002
-9.27000000000000E+0002
-1.04100000000000E+0003
-1.01700000000000E+0003
-8.98000000000000E+0002
-7.33000000000000E+0002
-5.36000000000000E+0002
-3.37000000000000E+0002
-1.76000000000000E+0002
-5.20000000000000E+0001
 3.80000000000000E+0001
 1.19000000000000E+0002
 1.96000000000000E+0002
 2.70000000000000E+0002
 3.33000000000000E+0002
 4.00000000000000E+0002
 4.63000000000000E+0002
 5.32000000000000E+0002
 6.17000000000000E+0002
 7.19000000000000E+0002
 7.82000000000000E+0002
 7.61000000000000E+0002
 6.10000000000000E+0002
 3.04000000000000E+0002
-9.60000000000000E+0001
-4.93000000000000E+0002
-8.27000000000000E+0002
-1.00800000000000E+0003
-1.05000000000000E+0003
-9.82000000000000E+0002
-8.34000000000000E+0002
-6.43000000000000E+0002
-4.50000000000000E+0002
-2.84000000000000E+0002
-1.55000000000000E+0002
-5.00000000000000E+0001
 4.70000000000000E+0001
 1.41000000000000E+0002
 2.17000000000000E+0002
 2.86000000000000E+0002
 3.45000000000000E+0002
 4.05000000000000E+0002
 4.52000000000000E+0002
 5.00000000000000E+0002
 5.52000000000000E+0002
 6.36000000000000E+0002
 7.52000000000000E+0002
 8.83000000000000E+0002
 8.68000000000000E+0002
 7.35000000000000E+0002
 4.19000000000000E+0002
 0.00000000000000E+0000
-4.13000000000000E+0002
-8.03000000000000E+0002
-1.03700000000000E+0003
-1.11900000000000E+0003
-1.07000000000000E+0003
-9.44000000000000E+0002
-7.82000000000000E+0002
-6.22000000000000E+0002
-4.66000000000000E+0002
-3.20000000000000E+0002
-1.94000000000000E+0002
-8.90000000000000E+0001
-1.00000000000000E+0001
 6.00000000000000E+0001
 1.30000000000000E+0002
 2.17000000000000E+0002
 3.02000000000000E+0002
 3.93000000000000E+0002
 4.66000000000000E+0002
 5.11000000000000E+0002
 5.57000000000000E+0002
 6.25000000000000E+0002
 6.82000000000000E+0002
 7.19000000000000E+0002
 6.98000000000000E+0002
 5.97000000000000E+0002
 4.32000000000000E+0002
 2.11000000000000E+0002
-1.41000000000000E+0002
-5.11000000000000E+0002
-8.56000000000000E+0002
-1.05800000000000E+0003
-1.08600000000000E+0003
-9.85000000000000E+0002
-8.32000000000000E+0002
-6.64000000000000E+0002
-5.09000000000000E+0002
-3.63000000000000E+0002
-2.38000000000000E+0002
-1.38000000000000E+0002
-5.00000000000000E+0001
 2.50000000000000E+0001
 1.10000000000000E+0002
 2.10000000000000E+0002
 3.14000000000000E+0002
 4.26000000000000E+0002
 5.46000000000000E+0002
 6.57000000000000E+0002
 7.05000000000000E+0002
 6.67000000000000E+0002
 5.27000000000000E+0002
 3.16000000000000E+0002
-3.50000000000000E+0001
-4.40000000000000E+0002
-8.43000000000000E+0002
-1.07100000000000E+0003
-1.05000000000000E+0003
-9.15000000000000E+0002
-7.12000000000000E+0002
-5.26000000000000E+0002
-3.64000000000000E+0002
-2.02000000000000E+0002
-7.60000000000000E+0001
 4.30000000000000E+0001
 1.51000000000000E+0002
 2.19000000000000E+0002
 2.90000000000000E+0002
 3.60000000000000E+0002
 4.53000000000000E+0002
 5.74000000000000E+0002
 6.87000000000000E+0002
 7.90000000000000E+0002
 7.47000000000000E+0002
 6.12000000000000E+0002
 3.71000000000000E+0002
 7.00000000000000E+0001
-2.77000000000000E+0002
-6.23000000000000E+0002
-8.95000000000000E+0002
-9.91000000000000E+0002
-9.47000000000000E+0002
-8.06000000000000E+0002
-6.27000000000000E+0002
-4.29000000000000E+0002
-2.34000000000000E+0002
-6.50000000000000E+0001
 4.90000000000000E+0001
 1.45000000000000E+0002
 2.17000000000000E+0002
 2.79000000000000E+0002
 3.31000000000000E+0002
 3.85000000000000E+0002
 4.23000000000000E+0002
 4.69000000000000E+0002
 5.23000000000000E+0002
 5.91000000000000E+0002
 6.90000000000000E+0002
 8.23000000000000E+0002
 8.96000000000000E+0002
 8.92000000000000E+0002
 7.54000000000000E+0002
 4.53000000000000E+0002
 1.20000000000000E+0001
-4.51000000000000E+0002
-8.56000000000000E+0002
-1.04900000000000E+0003
-1.07000000000000E+0003
-9.62000000000000E+0002
-7.82000000000000E+0002
-5.93000000000000E+0002
-3.80000000000000E+0002
-2.26000000000000E+0002
-8.10000000000000E+0001
 2.40000000000000E+0001
 1.12000000000000E+0002
 2.04000000000000E+0002
 2.85000000000000E+0002
 3.44000000000000E+0002
 4.07000000000000E+0002
 4.76000000000000E+0002
 5.52000000000000E+0002
 6.91000000000000E+0002
 8.27000000000000E+0002
 9.16000000000000E+0002
 8.56000000000000E+0002
 6.80000000000000E+0002
 3.44000000000000E+0002
-5.00000000000000E+0001
-4.47000000000000E+0002
-7.95000000000000E+0002
-9.59000000000000E+0002
-9.68000000000000E+0002
-8.59000000000000E+0002
-6.84000000000000E+0002
-4.91000000000000E+0002
-2.88000000000000E+0002
-1.19000000000000E+0002
 2.00000000000000E+0001
 1.19000000000000E+0002
 1.99000000000000E+0002
 2.65000000000000E+0002
 3.22000000000000E+0002
 3.70000000000000E+0002
 4.08000000000000E+0002
 4.48000000000000E+0002
 4.78000000000000E+0002
 5.06000000000000E+0002
 5.32000000000000E+0002
 5.61000000000000E+0002
 5.93000000000000E+0002
 6.49000000000000E+0002
 7.02000000000000E+0002
 7.70000000000000E+0002
 8.26000000000000E+0002
 8.40000000000000E+0002
 7.74000000000000E+0002
 5.88000000000000E+0002
 2.89000000000000E+0002
-1.73000000000000E+0002
-6.06000000000000E+0002
-9.90000000000000E+0002
-1.12900000000000E+0003
-1.10600000000000E+0003
-9.80000000000000E+0002
-8.21000000000000E+0002
-6.63000000000000E+0002
-5.14000000000000E+0002
-3.78000000000000E+0002
-2.59000000000000E+0002
-1.50000000000000E+0002
-5.90000000000000E+0001
 2.60000000000000E+0001
 1.05000000000000E+0002
 1.76000000000000E+0002
 2.39000000000000E+0002
 2.96000000000000E+0002
 3.62000000000000E+0002
 4.34000000000000E+0002
 5.21000000000000E+0002
 5.95000000000000E+0002
 6.44000000000000E+0002
 6.69000000000000E+0002
 6.65000000000000E+0002
 6.20000000000000E+0002
 4.86000000000000E+0002
 2.65000000000000E+0002
-1.00000000000000E+0002
-4.76000000000000E+0002
-8.19000000000000E+0002
-1.00300000000000E+0003
-1.01500000000000E+0003
-9.00000000000000E+0002
-7.24000000000000E+0002
-5.59000000000000E+0002
-4.10000000000000E+0002
-2.91000000000000E+0002
-1.97000000000000E+0002
-1.05000000000000E+0002
-2.70000000000000E+0001
 4.50000000000000E+0001
 1.15000000000000E+0002
 1.82000000000000E+0002
 2.51000000000000E+0002
 3.10000000000000E+0002
 3.67000000000000E+0002
 4.39000000000000E+0002
 5.08000000000000E+0002
 5.72000000000000E+0002
 6.15000000000000E+0002
 6.40000000000000E+0002
 6.48000000000000E+0002
 6.07000000000000E+0002
 4.83000000000000E+0002
 2.71000000000000E+0002
-7.90000000000000E+0001
-4.51000000000000E+0002
-8.13000000000000E+0002
-1.02300000000000E+0003
-1.05600000000000E+0003
-9.52000000000000E+0002
-7.72000000000000E+0002
-6.06000000000000E+0002
-4.57000000000000E+0002
-3.37000000000000E+0002
-2.36000000000000E+0002
-1.49000000000000E+0002
-6.70000000000000E+0001
 3.00000000000000E+0000
 8.00000000000000E+0001
 1.51000000000000E+0002
 2.23000000000000E+0002
 2.77000000000000E+0002
 3.37000000000000E+0002
 4.05000000000000E+0002
 4.83000000000000E+0002
 5.54000000000000E+0002
 6.03000000000000E+0002
 6.32000000000000E+0002
 6.40000000000000E+0002
 6.18000000000000E+0002
 5.08000000000000E+0002
 3.15000000000000E+0002
-2.60000000000000E+0001
-3.99000000000000E+0002
-7.62000000000000E+0002
-9.86000000000000E+0002
-1.02800000000000E+0003
-9.28000000000000E+0002
-7.54000000000000E+0002
-5.82000000000000E+0002
-4.31000000000000E+0002
-3.06000000000000E+0002
-2.07000000000000E+0002
-1.17000000000000E+0002
-3.70000000000000E+0001
 3.30000000000000E+0001
 1.10000000000000E+0002
 1.83000000000000E+0002
 2.49000000000000E+0002
 3.05000000000000E+0002
 3.63000000000000E+0002
 4.32000000000000E+0002
 5.11000000000000E+0002
 5.84000000000000E+0002
 6.35000000000000E+0002
 6.68000000000000E+0002
 6.83000000000000E+0002
 6.64000000000000E+0002
 5.66000000000000E+0002
 3.76000000000000E+0002
 5.10000000000000E+0001
-3.27000000000000E+0002
-6.94000000000000E+0002
-9.44000000000000E+0002
-1.00700000000000E+0003
-9.25000000000000E+0002
-7.61000000000000E+0002
-5.93000000000000E+0002
-4.41000000000000E+0002
-3.16000000000000E+0002
-2.14000000000000E+0002
-1.22000000000000E+0002
-3.80000000000000E+0001
 4.10000000000000E+0001
 1.14000000000000E+0002
 1.93000000000000E+0002
 2.58000000000000E+0002
 3.13000000000000E+0002
 3.63000000000000E+0002
 4.34000000000000E+0002
 5.23000000000000E+0002
 6.04000000000000E+0002
 6.45000000000000E+0002
 6.42000000000000E+0002
 5.85000000000000E+0002
 4.71000000000000E+0002
 2.98000000000000E+0002
-1.80000000000000E+0001
-3.78000000000000E+0002
-7.39000000000000E+0002
-9.62000000000000E+0002
-9.90000000000000E+0002
-8.85000000000000E+0002
-7.02000000000000E+0002
-5.22000000000000E+0002
-3.57000000000000E+0002
-2.22000000000000E+0002
-1.18000000000000E+0002
-3.70000000000000E+0001
 3.10000000000000E+0001
 9.40000000000000E+0001
 1.50000000000000E+0002
 2.09000000000000E+0002
 2.67000000000000E+0002
 3.15000000000000E+0002
 3.59000000000000E+0002
 4.06000000000000E+0002
 4.82000000000000E+0002
 5.55000000000000E+0002
 6.29000000000000E+0002
 6.63000000000000E+0002
 6.86000000000000E+0002
 6.79000000000000E+0002
 6.14000000000000E+0002
 4.50000000000000E+0002
 1.97000000000000E+0002
-1.94000000000000E+0002
-5.74000000000000E+0002
-9.07000000000000E+0002
-1.04000000000000E+0003
-9.99000000000000E+0002
-8.53000000000000E+0002
-6.75000000000000E+0002
-5.12000000000000E+0002
-3.71000000000000E+0002
-2.58000000000000E+0002
-1.64000000000000E+0002
-7.40000000000000E+0001
 3.00000000000000E+0000
 8.30000000000000E+0001
 1.73000000000000E+0002
 2.73000000000000E+0002
 3.87000000000000E+0002
 5.07000000000000E+0002
 6.53000000000000E+0002
 7.24000000000000E+0002
 7.09000000000000E+0002
 5.79000000000000E+0002
 3.70000000000000E+0002
 1.80000000000000E+0001
-3.83000000000000E+0002
-7.73000000000000E+0002
-9.97000000000000E+0002
-1.00900000000000E+0003
-8.98000000000000E+0002
-7.13000000000000E+0002
-5.17000000000000E+0002
-3.11000000000000E+0002
-1.45000000000000E+0002
-8.00000000000000E+0000
 8.40000000000000E+0001
 1.54000000000000E+0002
 2.16000000000000E+0002
 2.72000000000000E+0002
 3.26000000000000E+0002
 3.87000000000000E+0002
 4.42000000000000E+0002
 4.99000000000000E+0002
 5.56000000000000E+0002
 6.24000000000000E+0002
 7.16000000000000E+0002
 8.10000000000000E+0002
 8.77000000000000E+0002
 8.03000000000000E+0002
 6.06000000000000E+0002
 2.66000000000000E+0002
-1.17000000000000E+0002
-4.99000000000000E+0002
-8.07000000000000E+0002
-9.86000000000000E+0002
-1.02800000000000E+0003
-9.51000000000000E+0002
-8.08000000000000E+0002
-6.28000000000000E+0002
-4.51000000000000E+0002
-3.01000000000000E+0002
-1.87000000000000E+0002
-9.20000000000000E+0001
-1.00000000000000E+0001
 7.80000000000000E+0001
 1.49000000000000E+0002
 2.17000000000000E+0002
 2.75000000000000E+0002
 3.26000000000000E+0002
 3.67000000000000E+0002
 4.30000000000000E+0002
 4.74000000000000E+0002
 5.23000000000000E+0002
 5.57000000000000E+0002
 6.12000000000000E+0002
 6.55000000000000E+0002
 6.99000000000000E+0002
 7.22000000000000E+0002
 7.21000000000000E+0002
 6.80000000000000E+0002
 5.41000000000000E+0002
 3.18000000000000E+0002
-5.30000000000000E+0001
-4.51000000000000E+0002
-8.20000000000000E+0002
-1.02700000000000E+0003
-1.06800000000000E+0003
-9.77000000000000E+0002
-8.37000000000000E+0002
-6.96000000000000E+0002
-5.52000000000000E+0002
-4.30000000000000E+0002
-3.20000000000000E+0002
-2.28000000000000E+0002
-1.40000000000000E+0002
-5.50000000000000E+0001
 4.00000000000000E+0001
 1.24000000000000E+0002
 2.11000000000000E+0002
 2.95000000000000E+0002
 3.69000000000000E+0002
 4.40000000000000E+0002
 5.36000000000000E+0002
 6.07000000000000E+0002
 6.70000000000000E+0002
 6.96000000000000E+0002
 6.75000000000000E+0002
 5.99000000000000E+0002
 4.40000000000000E+0002
 1.93000000000000E+0002
-1.92000000000000E+0002
-5.79000000000000E+0002
-9.25000000000000E+0002
-1.06200000000000E+0003
-1.02800000000000E+0003
-8.74000000000000E+0002
-7.01000000000000E+0002
-5.39000000000000E+0002
-3.94000000000000E+0002
-2.90000000000000E+0002
-2.02000000000000E+0002
-1.12000000000000E+0002
-3.60000000000000E+0001
 4.40000000000000E+0001
 1.20000000000000E+0002
 1.92000000000000E+0002
 2.64000000000000E+0002
 3.16000000000000E+0002
 3.67000000000000E+0002
 4.48000000000000E+0002
 5.19000000000000E+0002
 5.86000000000000E+0002
 6.30000000000000E+0002
 6.47000000000000E+0002
 6.71000000000000E+0002
 6.42000000000000E+0002
 5.37000000000000E+0002
 3.34000000000000E+0002
-7.00000000000000E+0000
-3.95000000000000E+0002
-7.66000000000000E+0002
-1.00800000000000E+0003
-1.05100000000000E+0003
-9.62000000000000E+0002
-7.84000000000000E+0002
-6.17000000000000E+0002
-4.62000000000000E+0002
-3.47000000000000E+0002
-2.54000000000000E+0002
-1.70000000000000E+0002
-7.90000000000000E+0001
 1.70000000000000E+0001
 1.05000000000000E+0002
 1.88000000000000E+0002
 2.60000000000000E+0002
 3.23000000000000E+0002
 3.73000000000000E+0002
 4.43000000000000E+0002
 5.24000000000000E+0002
 5.91000000000000E+0002
 6.49000000000000E+0002
 6.78000000000000E+0002
 6.96000000000000E+0002
 6.90000000000000E+0002
 5.96000000000000E+0002
 4.10000000000000E+0002
 1.04000000000000E+0002
-3.04000000000000E+0002
-6.79000000000000E+0002
-9.68000000000000E+0002
-1.05000000000000E+0003
-9.80000000000000E+0002
-8.04000000000000E+0002
-6.37000000000000E+0002
-4.74000000000000E+0002
-3.41000000000000E+0002
-2.45000000000000E+0002
-1.59000000000000E+0002
-8.50000000000000E+0001
-7.00000000000000E+0000
 6.90000000000000E+0001
 1.48000000000000E+0002
 2.21000000000000E+0002
 2.87000000000000E+0002
 3.37000000000000E+0002
 3.91000000000000E+0002
 4.64000000000000E+0002
 5.30000000000000E+0002
 6.05000000000000E+0002
 6.39000000000000E+0002
 6.66000000000000E+0002
 6.85000000000000E+0002
 6.52000000000000E+0002
 5.46000000000000E+0002
 3.13000000000000E+0002
-3.70000000000000E+0001
-4.35000000000000E+0002
-8.11000000000000E+0002
-1.01900000000000E+0003
-1.05700000000000E+0003
-9.43000000000000E+0002
-7.59000000000000E+0002
-6.02000000000000E+0002
-4.50000000000000E+0002
-3.54000000000000E+0002
-2.68000000000000E+0002
-1.83000000000000E+0002
-8.20000000000000E+0001
 8.00000000000000E+0000
 1.15000000000000E+0002
 2.11000000000000E+0002
 3.20000000000000E+0002
 4.43000000000000E+0002
 5.89000000000000E+0002
 6.90000000000000E+0002
 7.36000000000000E+0002
 6.59000000000000E+0002
 5.00000000000000E+0002
 2.30000000000000E+0002
-1.60000000000000E+0002
-5.77000000000000E+0002
-9.32000000000000E+0002
-1.06700000000000E+0003
-1.02100000000000E+0003
-8.69000000000000E+0002
-6.78000000000000E+0002
-4.77000000000000E+0002
-2.74000000000000E+0002
-1.15000000000000E+0002
 5.00000000000000E+0000
 8.90000000000000E+0001
 1.54000000000000E+0002
 2.10000000000000E+0002
 2.60000000000000E+0002
 3.16000000000000E+0002
 3.78000000000000E+0002
 4.32000000000000E+0002
 4.96000000000000E+0002
 5.59000000000000E+0002
 6.37000000000000E+0002
 7.29000000000000E+0002
 8.09000000000000E+0002
 8.30000000000000E+0002
 6.99000000000000E+0002
 4.62000000000000E+0002
 1.13000000000000E+0002
-2.44000000000000E+0002
-6.03000000000000E+0002
-8.67000000000000E+0002
-9.98000000000000E+0002
-1.00800000000000E+0003
-9.09000000000000E+0002
-7.59000000000000E+0002
-5.73000000000000E+0002
-3.91000000000000E+0002
-2.53000000000000E+0002
-1.41000000000000E+0002
-5.70000000000000E+0001
 3.10000000000000E+0001
 1.12000000000000E+0002
 1.81000000000000E+0002
 2.42000000000000E+0002
 3.05000000000000E+0002
 3.71000000000000E+0002
 4.42000000000000E+0002
 4.95000000000000E+0002
 5.40000000000000E+0002
 5.73000000000000E+0002
 6.12000000000000E+0002
 6.92000000000000E+0002
 7.66000000000000E+0002
 8.36000000000000E+0002
 8.48000000000000E+0002
 7.48000000000000E+0002
 5.66000000000000E+0002
 1.97000000000000E+0002
-2.60000000000000E+0002
-7.26000000000000E+0002
-1.04300000000000E+0003
-1.13300000000000E+0003
-1.06200000000000E+0003
-8.98000000000000E+0002
-7.16000000000000E+0002
-5.35000000000000E+0002
-3.85000000000000E+0002
-2.68000000000000E+0002
-1.71000000000000E+0002
-8.50000000000000E+0001
-1.00000000000000E+0000
 8.40000000000000E+0001
 1.62000000000000E+0002
 2.40000000000000E+0002
 3.22000000000000E+0002
 4.09000000000000E+0002
 5.22000000000000E+0002
 6.42000000000000E+0002
 7.80000000000000E+0002
 8.40000000000000E+0002
 8.12000000000000E+0002
 6.67000000000000E+0002
 3.83000000000000E+0002
-6.90000000000000E+0001
-5.64000000000000E+0002
-9.81000000000000E+0002
-1.15900000000000E+0003
-1.13000000000000E+0003
-9.89000000000000E+0002
-8.07000000000000E+0002
-6.13000000000000E+0002
-4.27000000000000E+0002
-2.65000000000000E+0002
-1.38000000000000E+0002
-4.50000000000000E+0001
 3.10000000000000E+0001
 1.16000000000000E+0002
 1.97000000000000E+0002
 2.82000000000000E+0002
 3.70000000000000E+0002
 4.65000000000000E+0002
 5.71000000000000E+0002
 6.59000000000000E+0002
 6.98000000000000E+0002
 6.42000000000000E+0002
 5.00000000000000E+0002
 2.85000000000000E+0002
-3.40000000000000E+0001
-3.98000000000000E+0002
-7.48000000000000E+0002
-9.64000000000000E+0002
-1.00200000000000E+0003
-9.19000000000000E+0002
-7.74000000000000E+0002
-6.01000000000000E+0002
-4.23000000000000E+0002
-2.38000000000000E+0002
-8.30000000000000E+0001
 3.20000000000000E+0001
 1.16000000000000E+0002
 1.75000000000000E+0002
 2.28000000000000E+0002
 2.82000000000000E+0002
 3.35000000000000E+0002
 3.91000000000000E+0002
 4.38000000000000E+0002
 4.85000000000000E+0002
 5.26000000000000E+0002
 5.88000000000000E+0002
 6.73000000000000E+0002
 7.66000000000000E+0002
 8.72000000000000E+0002
 9.08000000000000E+0002
 8.15000000000000E+0002
 6.09000000000000E+0002
 3.08000000000000E+0002
-5.30000000000000E+0001
-4.30000000000000E+0002
-7.94000000000000E+0002
-1.03400000000000E+0003
-1.11900000000000E+0003
-1.07100000000000E+0003
-9.42000000000000E+0002
-7.60000000000000E+0002
-5.64000000000000E+0002
-4.00000000000000E+0002
-2.61000000000000E+0002
-1.59000000000000E+0002
-6.40000000000000E+0001
 2.60000000000000E+0001
 1.04000000000000E+0002
 1.73000000000000E+0002
 2.40000000000000E+0002
 3.02000000000000E+0002
 3.63000000000000E+0002
 4.21000000000000E+0002
 4.66000000000000E+0002
 5.05000000000000E+0002
 5.40000000000000E+0002
 5.88000000000000E+0002
 6.44000000000000E+0002
 6.97000000000000E+0002
 7.34000000000000E+0002
 7.62000000000000E+0002
 7.54000000000000E+0002
 6.81000000000000E+0002
 4.88000000000000E+0002
 2.01000000000000E+0002
-2.38000000000000E+0002
-6.36000000000000E+0002
-9.76000000000000E+0002
-1.11100000000000E+0003
-1.08500000000000E+0003
-9.43000000000000E+0002
-7.71000000000000E+0002
-6.17000000000000E+0002
-4.75000000000000E+0002
-3.70000000000000E+0002
-2.74000000000000E+0002
-1.80000000000000E+0002
-9.20000000000000E+0001
-8.00000000000000E+0000
 7.50000000000000E+0001
 1.52000000000000E+0002
 2.32000000000000E+0002
 3.07000000000000E+0002
 3.79000000000000E+0002
 4.51000000000000E+0002
 5.28000000000000E+0002
 6.04000000000000E+0002
 6.80000000000000E+0002
 7.42000000000000E+0002
 7.83000000000000E+0002
 7.30000000000000E+0002
 5.74000000000000E+0002
 3.22000000000000E+0002
-7.70000000000000E+0001
-5.03000000000000E+0002
-8.97000000000000E+0002
-1.12500000000000E+0003
-1.12800000000000E+0003
-9.82000000000000E+0002
-7.95000000000000E+0002
-6.02000000000000E+0002
-4.45000000000000E+0002
-3.10000000000000E+0002
-2.17000000000000E+0002
-1.34000000000000E+0002
-5.20000000000000E+0001
 2.10000000000000E+0001
 1.02000000000000E+0002
 1.88000000000000E+0002
 2.49000000000000E+0002
 3.12000000000000E+0002
 3.66000000000000E+0002
 4.20000000000000E+0002
 4.80000000000000E+0002
 5.43000000000000E+0002
 5.97000000000000E+0002
 6.46000000000000E+0002
 6.80000000000000E+0002
 7.09000000000000E+0002
 7.07000000000000E+0002
 6.48000000000000E+0002
 4.68000000000000E+0002
 2.01000000000000E+0002
-2.39000000000000E+0002
-6.40000000000000E+0002
-9.87000000000000E+0002
-1.11000000000000E+0003
-1.07100000000000E+0003
-9.14000000000000E+0002
-7.48000000000000E+0002
-5.83000000000000E+0002
-4.45000000000000E+0002
-3.42000000000000E+0002
-2.59000000000000E+0002
-1.80000000000000E+0002
-8.60000000000000E+0001
-1.00000000000000E+0000
 9.20000000000000E+0001
 1.72000000000000E+0002
 2.49000000000000E+0002
 3.08000000000000E+0002
 3.71000000000000E+0002
 4.26000000000000E+0002
 4.96000000000000E+0002
 5.62000000000000E+0002
 6.18000000000000E+0002
 6.66000000000000E+0002
 7.08000000000000E+0002
 7.18000000000000E+0002
 6.68000000000000E+0002
 5.02000000000000E+0002
 2.32000000000000E+0002
-1.87000000000000E+0002
-5.89000000000000E+0002
-9.35000000000000E+0002
-1.07500000000000E+0003
-1.04600000000000E+0003
-8.96000000000000E+0002
-7.16000000000000E+0002
-5.45000000000000E+0002
-4.06000000000000E+0002
-3.00000000000000E+0002
-2.17000000000000E+0002
-1.38000000000000E+0002
-5.60000000000000E+0001
 2.70000000000000E+0001
 1.13000000000000E+0002
 1.93000000000000E+0002
 2.63000000000000E+0002
 3.21000000000000E+0002
 3.79000000000000E+0002
 4.37000000000000E+0002
 5.05000000000000E+0002
 5.73000000000000E+0002
 6.35000000000000E+0002
 6.73000000000000E+0002
 7.08000000000000E+0002
 7.22000000000000E+0002
 6.98000000000000E+0002
 5.85000000000000E+0002
 3.57000000000000E+0002
-1.50000000000000E+0001
-4.41000000000000E+0002
-8.37000000000000E+0002
-1.06000000000000E+0003
-1.08400000000000E+0003
-9.71000000000000E+0002
-7.97000000000000E+0002
-6.35000000000000E+0002
-4.96000000000000E+0002
-3.86000000000000E+0002
-2.96000000000000E+0002
-2.12000000000000E+0002
-1.23000000000000E+0002
-3.70000000000000E+0001
 5.50000000000000E+0001
 1.44000000000000E+0002
 2.31000000000000E+0002
 3.25000000000000E+0002
 4.45000000000000E+0002
 5.80000000000000E+0002
 7.32000000000000E+0002
 8.12000000000000E+0002
 8.11000000000000E+0002
 6.46000000000000E+0002
 4.31000000000000E+0002
 2.50000000000000E+0001
-4.22000000000000E+0002
-8.58000000000000E+0002
-1.12200000000000E+0003
-1.15100000000000E+0003
-1.03300000000000E+0003
-8.48000000000000E+0002
-6.46000000000000E+0002
-4.38000000000000E+0002
-2.51000000000000E+0002
-1.16000000000000E+0002
-1.30000000000000E+0001
 5.60000000000000E+0001
 1.26000000000000E+0002
 1.88000000000000E+0002
 2.52000000000000E+0002
 3.27000000000000E+0002
 3.95000000000000E+0002
 4.56000000000000E+0002
 5.21000000000000E+0002
 5.97000000000000E+0002
 6.75000000000000E+0002
 7.66000000000000E+0002
 8.45000000000000E+0002
 8.53000000000000E+0002
 7.35000000000000E+0002
 5.14000000000000E+0002
 2.00000000000000E+0002
-1.35000000000000E+0002
-4.92000000000000E+0002
-7.65000000000000E+0002
-9.41000000000000E+0002
-9.80000000000000E+0002
-9.09000000000000E+0002
-7.82000000000000E+0002
-6.05000000000000E+0002
-4.33000000000000E+0002
-2.89000000000000E+0002
-1.81000000000000E+0002
-9.70000000000000E+0001
-1.20000000000000E+0001
 7.70000000000000E+0001
 1.71000000000000E+0002
 2.54000000000000E+0002
 3.17000000000000E+0002
 3.79000000000000E+0002
 4.28000000000000E+0002
 4.91000000000000E+0002
 5.47000000000000E+0002
 5.79000000000000E+0002
 6.13000000000000E+0002
 6.98000000000000E+0002
 8.12000000000000E+0002
 9.04000000000000E+0002
 8.76000000000000E+0002
 7.04000000000000E+0002
 4.54000000000000E+0002
 5.20000000000000E+0001
-3.97000000000000E+0002
-8.26000000000000E+0002
-1.08400000000000E+0003
-1.13000000000000E+0003
-1.03200000000000E+0003
-8.68000000000000E+0002
-6.89000000000000E+0002
-4.94000000000000E+0002
-3.56000000000000E+0002
-2.40000000000000E+0002
-1.52000000000000E+0002
-7.00000000000000E+0001
 1.00000000000000E+0000
 7.10000000000000E+0001
 1.51000000000000E+0002
 2.25000000000000E+0002
 3.10000000000000E+0002
 3.90000000000000E+0002
 4.99000000000000E+0002
 6.24000000000000E+0002
 7.43000000000000E+0002
 7.80000000000000E+0002
 6.90000000000000E+0002
 4.92000000000000E+0002
 1.60000000000000E+0002
-2.68000000000000E+0002
-7.18000000000000E+0002
-1.02400000000000E+0003
-1.10100000000000E+0003
-1.02500000000000E+0003
-8.79000000000000E+0002
-7.01000000000000E+0002
-5.27000000000000E+0002
-3.48000000000000E+0002
-2.00000000000000E+0002
-7.90000000000000E+0001
 4.00000000000000E+0000
 6.70000000000000E+0001
 1.28000000000000E+0002
 1.90000000000000E+0002
 2.62000000000000E+0002
 3.15000000000000E+0002
 3.72000000000000E+0002
 4.25000000000000E+0002
 4.76000000000000E+0002
 5.33000000000000E+0002
 6.01000000000000E+0002
 6.93000000000000E+0002
 8.21000000000000E+0002
 9.16000000000000E+0002
 9.15000000000000E+0002
 7.27000000000000E+0002
 4.52000000000000E+0002
 7.00000000000000E+0001
-3.37000000000000E+0002
-7.01000000000000E+0002
-9.73000000000000E+0002
-1.07700000000000E+0003
-1.05400000000000E+0003
-9.24000000000000E+0002
-7.79000000000000E+0002
-5.70000000000000E+0002
-4.04000000000000E+0002
-2.76000000000000E+0002
-1.60000000000000E+0002
-7.20000000000000E+0001
 4.00000000000000E+0000
 8.50000000000000E+0001
 1.65000000000000E+0002
 2.31000000000000E+0002
 3.12000000000000E+0002
 3.51000000000000E+0002
 4.16000000000000E+0002
 4.64000000000000E+0002
 5.16000000000000E+0002
 5.76000000000000E+0002
 6.50000000000000E+0002
 7.33000000000000E+0002
 8.00000000000000E+0002
 8.45000000000000E+0002
 8.59000000000000E+0002
 8.71000000000000E+0002
 7.80000000000000E+0002
 5.91000000000000E+0002
 1.28000000000000E+0002
-3.96000000000000E+0002
-8.85000000000000E+0002
-1.14500000000000E+0003
-1.16600000000000E+0003
-1.05900000000000E+0003
-9.04000000000000E+0002
-7.21000000000000E+0002
-5.61000000000000E+0002
-4.37000000000000E+0002
-3.20000000000000E+0002
-2.53000000000000E+0002
-1.42000000000000E+0002
-3.80000000000000E+0001
 6.30000000000000E+0001
 1.50000000000000E+0002
 2.26000000000000E+0002
 3.06000000000000E+0002
 3.96000000000000E+0002
 5.06000000000000E+0002
 6.26000000000000E+0002
 7.60000000000000E+0002
 8.06000000000000E+0002
 7.80000000000000E+0002
 6.05000000000000E+0002
 3.55000000000000E+0002
-6.80000000000000E+0001
-5.53000000000000E+0002
-9.77000000000000E+0002
-1.19800000000000E+0003
-1.17400000000000E+0003
-1.02600000000000E+0003
-8.25000000000000E+0002
-6.27000000000000E+0002
-4.16000000000000E+0002
-2.39000000000000E+0002
-1.06000000000000E+0002
-1.20000000000000E+0001
 5.60000000000000E+0001
 1.30000000000000E+0002
 2.00000000000000E+0002
 2.69000000000000E+0002
 3.61000000000000E+0002
 4.38000000000000E+0002
 5.36000000000000E+0002
 6.27000000000000E+0002
 6.84000000000000E+0002
 6.67000000000000E+0002
 5.69000000000000E+0002
 4.16000000000000E+0002
 2.30000000000000E+0002
-1.20000000000000E+0001
-3.18000000000000E+0002
-6.12000000000000E+0002
-8.43000000000000E+0002
-9.18000000000000E+0002
-8.85000000000000E+0002
-7.71000000000000E+0002
-6.29000000000000E+0002
-4.72000000000000E+0002
-2.96000000000000E+0002
-1.38000000000000E+0002
-1.20000000000000E+0001
 7.80000000000000E+0001
 1.41000000000000E+0002
 1.98000000000000E+0002
 2.49000000000000E+0002
 3.09000000000000E+0002
 3.65000000000000E+0002
 4.23000000000000E+0002
 4.66000000000000E+0002
 5.12000000000000E+0002
 5.50000000000000E+0002
 5.98000000000000E+0002
 6.41000000000000E+0002
 6.79000000000000E+0002
 7.22000000000000E+0002
 7.79000000000000E+0002
 8.05000000000000E+0002
 7.85000000000000E+0002
 6.73000000000000E+0002
 4.71000000000000E+0002
 2.77000000000000E+0002
 2.80000000000000E+0001
-2.51000000000000E+0002
-5.75000000000000E+0002
-8.66000000000000E+0002
-1.03100000000000E+0003
-1.05700000000000E+0003
-9.78000000000000E+0002
-8.37000000000000E+0002
-6.71000000000000E+0002
-5.19000000000000E+0002
-3.77000000000000E+0002
-2.73000000000000E+0002
-1.75000000000000E+0002
-7.60000000000000E+0001
 1.80000000000000E+0001
 1.00000000000000E+0002
 1.76000000000000E+0002
 2.45000000000000E+0002
 3.09000000000000E+0002
 3.75000000000000E+0002
 4.23000000000000E+0002
 4.74000000000000E+0002
 5.25000000000000E+0002
 5.89000000000000E+0002
 6.49000000000000E+0002
 6.97000000000000E+0002
 7.29000000000000E+0002
 7.54000000000000E+0002
 7.58000000000000E+0002
 6.90000000000000E+0002
 4.92000000000000E+0002
 1.84000000000000E+0002
-2.77000000000000E+0002
-6.94000000000000E+0002
-1.02300000000000E+0003
-1.14300000000000E+0003
-1.10700000000000E+0003
-9.72000000000000E+0002
-7.97000000000000E+0002
-6.41000000000000E+0002
-5.07000000000000E+0002
-4.05000000000000E+0002
-3.25000000000000E+0002
-2.26000000000000E+0002
-1.31000000000000E+0002
-3.20000000000000E+0001
 6.00000000000000E+0001
 1.43000000000000E+0002
 2.30000000000000E+0002
 3.06000000000000E+0002
 3.84000000000000E+0002
 4.52000000000000E+0002
 5.32000000000000E+0002
 6.32000000000000E+0002
 7.41000000000000E+0002
 7.99000000000000E+0002
 7.74000000000000E+0002
 6.16000000000000E+0002
 3.99000000000000E+0002
 9.50000000000000E+0001
-3.15000000000000E+0002
-7.32000000000000E+0002
-1.06000000000000E+0003
-1.18500000000000E+0003
-1.14000000000000E+0003
-1.00800000000000E+0003
-8.46000000000000E+0002
-6.63000000000000E+0002
-5.03000000000000E+0002
-3.72000000000000E+0002
-2.80000000000000E+0002
-2.02000000000000E+0002
-1.18000000000000E+0002
-2.50000000000000E+0001
 6.10000000000000E+0001
 1.48000000000000E+0002
 2.17000000000000E+0002
 2.84000000000000E+0002
 3.39000000000000E+0002
 3.91000000000000E+0002
 4.38000000000000E+0002
 4.85000000000000E+0002
 5.51000000000000E+0002
 6.13000000000000E+0002
 6.82000000000000E+0002
 7.35000000000000E+0002
 7.93000000000000E+0002
 8.33000000000000E+0002
 7.83000000000000E+0002
 5.80000000000000E+0002
 2.32000000000000E+0002
-2.94000000000000E+0002
-7.58000000000000E+0002
-1.11200000000000E+0003
-1.20700000000000E+0003
-1.13600000000000E+0003
-9.81000000000000E+0002
-8.04000000000000E+0002
-6.39000000000000E+0002
-5.04000000000000E+0002
-3.99000000000000E+0002
-3.09000000000000E+0002
-2.17000000000000E+0002
-1.16000000000000E+0002
-2.90000000000000E+0001
 4.70000000000000E+0001
 1.47000000000000E+0002
 2.27000000000000E+0002
 2.99000000000000E+0002
 3.69000000000000E+0002
 4.05000000000000E+0002
 4.70000000000000E+0002
 5.34000000000000E+0002
 6.00000000000000E+0002
 6.55000000000000E+0002
 6.99000000000000E+0002
 7.36000000000000E+0002
 7.51000000000000E+0002
 7.14000000000000E+0002
 5.59000000000000E+0002
 2.96000000000000E+0002
-1.47000000000000E+0002
-5.81000000000000E+0002
-9.68000000000000E+0002
-1.14600000000000E+0003
-1.12700000000000E+0003
-9.86000000000000E+0002
-8.02000000000000E+0002
-6.46000000000000E+0002
-5.13000000000000E+0002
-4.03000000000000E+0002
-3.11000000000000E+0002
-2.14000000000000E+0002
-1.29000000000000E+0002
-3.00000000000000E+0001
 6.50000000000000E+0001
 1.75000000000000E+0002
 2.75000000000000E+0002
 3.92000000000000E+0002
 5.08000000000000E+0002
 6.42000000000000E+0002
 7.75000000000000E+0002
 7.98000000000000E+0002
 7.21000000000000E+0002
 5.23000000000000E+0002
 2.39000000000000E+0002
-1.69000000000000E+0002
-6.01000000000000E+0002
-9.43000000000000E+0002
-1.06500000000000E+0003
-1.01600000000000E+0003
-8.93000000000000E+0002
-7.17000000000000E+0002
-5.39000000000000E+0002
-3.49000000000000E+0002
-1.89000000000000E+0002
-6.70000000000000E+0001
 2.50000000000000E+0001
 8.40000000000000E+0001
 1.44000000000000E+0002
 2.08000000000000E+0002
 2.80000000000000E+0002
 3.46000000000000E+0002
 4.05000000000000E+0002
 4.58000000000000E+0002
 4.95000000000000E+0002
 5.46000000000000E+0002
 5.93000000000000E+0002
 6.58000000000000E+0002
 7.48000000000000E+0002
 8.57000000000000E+0002
 9.32000000000000E+0002
 9.48000000000000E+0002
 8.22000000000000E+0002
 5.98000000000000E+0002
 3.23000000000000E+0002
 3.60000000000000E+0001
-3.06000000000000E+0002
-6.20000000000000E+0002
-9.01000000000000E+0002
-1.02600000000000E+0003
-1.02900000000000E+0003
-9.35000000000000E+0002
-8.01000000000000E+0002
-6.26000000000000E+0002
-4.83000000000000E+0002
-3.53000000000000E+0002
-2.58000000000000E+0002
-1.73000000000000E+0002
-7.90000000000000E+0001
-3.00000000000000E+0000
 8.70000000000000E+0001
 1.61000000000000E+0002
 2.29000000000000E+0002
 3.08000000000000E+0002
 3.79000000000000E+0002
 4.48000000000000E+0002
 5.24000000000000E+0002
 5.95000000000000E+0002
 6.72000000000000E+0002
 7.80000000000000E+0002
 8.85000000000000E+0002
 9.15000000000000E+0002
 8.53000000000000E+0002
 6.49000000000000E+0002
 3.90000000000000E+0002
 6.00000000000000E+0001
-3.27000000000000E+0002
-6.90000000000000E+0002
-9.64000000000000E+0002
-1.03500000000000E+0003
-9.84000000000000E+0002
-8.47000000000000E+0002
-7.03000000000000E+0002
-5.29000000000000E+0002
-3.78000000000000E+0002
-2.69000000000000E+0002
-1.82000000000000E+0002
-1.10000000000000E+0002
-3.50000000000000E+0001
 4.00000000000000E+0001
 1.13000000000000E+0002
 1.95000000000000E+0002
 2.60000000000000E+0002
 3.31000000000000E+0002
 4.07000000000000E+0002
 4.97000000000000E+0002
 5.89000000000000E+0002
 6.91000000000000E+0002
 7.94000000000000E+0002
 8.37000000000000E+0002
 8.25000000000000E+0002
 6.87000000000000E+0002
 4.63000000000000E+0002
 5.10000000000000E+0001
-4.40000000000000E+0002
-8.99000000000000E+0002
-1.15000000000000E+0003
-1.16700000000000E+0003
-1.06500000000000E+0003
-8.88000000000000E+0002
-7.24000000000000E+0002
-5.46000000000000E+0002
-3.80000000000000E+0002
-2.77000000000000E+0002
-1.76000000000000E+0002
-1.04000000000000E+0002
-1.80000000000000E+0001
 6.70000000000000E+0001
 1.52000000000000E+0002
 2.36000000000000E+0002
 3.31000000000000E+0002
 4.24000000000000E+0002
 5.22000000000000E+0002
 6.41000000000000E+0002
 7.49000000000000E+0002
 8.06000000000000E+0002
 7.56000000000000E+0002
 6.07000000000000E+0002
 4.20000000000000E+0002
 1.48000000000000E+0002
-1.90000000000000E+0002
-5.38000000000000E+0002
-8.01000000000000E+0002
-8.76000000000000E+0002
-8.20000000000000E+0002
-6.99000000000000E+0002
-5.43000000000000E+0002
-3.86000000000000E+0002
-2.14000000000000E+0002
-7.50000000000000E+0001
 2.90000000000000E+0001
 9.50000000000000E+0001
 1.42000000000000E+0002
 1.83000000000000E+0002
 2.42000000000000E+0002
 3.04000000000000E+0002
 3.62000000000000E+0002
 4.13000000000000E+0002
 4.57000000000000E+0002
 4.93000000000000E+0002
 5.30000000000000E+0002
 5.69000000000000E+0002
 6.10000000000000E+0002
 6.58000000000000E+0002
 7.43000000000000E+0002
 8.26000000000000E+0002
 9.28000000000000E+0002
 9.86000000000000E+0002
 9.99000000000000E+0002
 8.59000000000000E+0002
 6.03000000000000E+0002
 1.18000000000000E+0002
-4.32000000000000E+0002
-9.10000000000000E+0002
-1.16400000000000E+0003
-1.18700000000000E+0003
-1.07900000000000E+0003
-9.29000000000000E+0002
-7.49000000000000E+0002
-5.70000000000000E+0002
-4.40000000000000E+0002
-3.30000000000000E+0002
-2.56000000000000E+0002
-1.73000000000000E+0002
-8.60000000000000E+0001
 1.00000000000000E+0000
 8.90000000000000E+0001
 1.58000000000000E+0002
 2.31000000000000E+0002
 3.01000000000000E+0002
 3.56000000000000E+0002
 4.15000000000000E+0002
 4.81000000000000E+0002
 5.59000000000000E+0002
 6.31000000000000E+0002
 7.03000000000000E+0002
 7.53000000000000E+0002
 7.74000000000000E+0002
 7.65000000000000E+0002
 6.29000000000000E+0002
 3.46000000000000E+0002
-1.63000000000000E+0002
-7.02000000000000E+0002
-1.12700000000000E+0003
-1.27800000000000E+0003
-1.21400000000000E+0003
-1.05300000000000E+0003
-8.70000000000000E+0002
-6.76000000000000E+0002
-5.13000000000000E+0002
-3.88000000000000E+0002
-2.96000000000000E+0002
-2.22000000000000E+0002
-1.35000000000000E+0002
-4.10000000000000E+0001
 5.90000000000000E+0001
 1.55000000000000E+0002
 2.52000000000000E+0002
 3.47000000000000E+0002
 4.66000000000000E+0002
 5.99000000000000E+0002
 7.01000000000000E+0002
 6.94000000000000E+0002
 5.91000000000000E+0002
 3.84000000000000E+0002
 1.63000000000000E+0002
-1.23000000000000E+0002
-4.55000000000000E+0002
-7.67000000000000E+0002
-9.61000000000000E+0002
-9.90000000000000E+0002
-9.14000000000000E+0002
-7.78000000000000E+0002
-6.28000000000000E+0002
-4.61000000000000E+0002
-2.92000000000000E+0002
-1.39000000000000E+0002
-3.40000000000000E+0001
 4.00000000000000E+0001
 9.30000000000000E+0001
 1.50000000000000E+0002
 2.11000000000000E+0002
 2.71000000000000E+0002
 3.25000000000000E+0002
 3.76000000000000E+0002
 4.22000000000000E+0002
 4.63000000000000E+0002
 4.98000000000000E+0002
 5.27000000000000E+0002
 5.44000000000000E+0002
 5.78000000000000E+0002
 6.31000000000000E+0002
 6.95000000000000E+0002
 7.57000000000000E+0002
 7.89000000000000E+0002
 7.99000000000000E+0002
 7.51000000000000E+0002
 6.88000000000000E+0002
 4.81000000000000E+0002
 1.74000000000000E+0002
-2.88000000000000E+0002
-7.44000000000000E+0002
-1.06200000000000E+0003
-1.17000000000000E+0003
-1.10600000000000E+0003
-9.63000000000000E+0002
-7.86000000000000E+0002
-6.15000000000000E+0002
-4.78000000000000E+0002
-3.72000000000000E+0002
-2.93000000000000E+0002
-2.06000000000000E+0002
-1.13000000000000E+0002
-2.40000000000000E+0001
 5.80000000000000E+0001
 1.38000000000000E+0002
 2.20000000000000E+0002
 3.02000000000000E+0002
 4.00000000000000E+0002
 5.14000000000000E+0002
 6.57000000000000E+0002
 7.74000000000000E+0002
 7.76000000000000E+0002
 6.72000000000000E+0002
 4.58000000000000E+0002
 1.93000000000000E+0002
-2.01000000000000E+0002
-6.07000000000000E+0002
-9.45000000000000E+0002
-1.07900000000000E+0003
-1.05400000000000E+0003
-9.44000000000000E+0002
-7.93000000000000E+0002
-6.23000000000000E+0002
-4.34000000000000E+0002
-2.78000000000000E+0002
-1.65000000000000E+0002
-8.60000000000000E+0001
-2.50000000000000E+0001
 4.50000000000000E+0001
 1.19000000000000E+0002
 1.90000000000000E+0002
 2.50000000000000E+0002
 3.10000000000000E+0002
 3.57000000000000E+0002
 4.08000000000000E+0002
 4.54000000000000E+0002
 4.93000000000000E+0002
 5.26000000000000E+0002
 5.54000000000000E+0002
 5.92000000000000E+0002
 6.42000000000000E+0002
 6.92000000000000E+0002
 7.29000000000000E+0002
 7.56000000000000E+0002
 7.73000000000000E+0002
 7.71000000000000E+0002
 6.98000000000000E+0002
 4.75000000000000E+0002
 1.38000000000000E+0002
-3.38000000000000E+0002
-7.75000000000000E+0002
-1.09000000000000E+0003
-1.18900000000000E+0003
-1.13300000000000E+0003
-9.92000000000000E+0002
-8.29000000000000E+0002
-6.76000000000000E+0002
-5.52000000000000E+0002
-4.52000000000000E+0002
-3.64000000000000E+0002
-2.69000000000000E+0002
-1.73000000000000E+0002
-7.60000000000000E+0001
 1.40000000000000E+0001
 1.03000000000000E+0002
 1.84000000000000E+0002
 2.63000000000000E+0002
 3.37000000000000E+0002
 4.04000000000000E+0002
 4.73000000000000E+0002
 5.67000000000000E+0002
 6.76000000000000E+0002
 7.62000000000000E+0002
 7.66000000000000E+0002
 6.56000000000000E+0002
 4.76000000000000E+0002
 2.53000000000000E+0002
-8.90000000000000E+0001
-4.75000000000000E+0002
-8.52000000000000E+0002
-1.05500000000000E+0003
-1.08200000000000E+0003
-9.87000000000000E+0002
-8.51000000000000E+0002
-6.82000000000000E+0002
-5.18000000000000E+0002
-3.80000000000000E+0002
-2.83000000000000E+0002
-2.10000000000000E+0002
-1.42000000000000E+0002
-5.90000000000000E+0001
 2.30000000000000E+0001
 1.02000000000000E+0002
 1.73000000000000E+0002
 2.40000000000000E+0002
 3.07000000000000E+0002
 3.77000000000000E+0002
 4.53000000000000E+0002
 5.37000000000000E+0002
 6.31000000000000E+0002
 7.43000000000000E+0002
 8.24000000000000E+0002
 8.48000000000000E+0002
 7.85000000000000E+0002
 6.36000000000000E+0002
 3.44000000000000E+0002
-1.20000000000000E+0002
-6.14000000000000E+0002
-1.01000000000000E+0003
-1.15800000000000E+0003
-1.11800000000000E+0003
-9.83000000000000E+0002
-8.19000000000000E+0002
-6.36000000000000E+0002
-4.60000000000000E+0002
-3.21000000000000E+0002
-2.21000000000000E+0002
-1.48000000000000E+0002
-7.70000000000000E+0001
 5.00000000000000E+0000
 8.80000000000000E+0001
 1.66000000000000E+0002
 2.37000000000000E+0002
 3.02000000000000E+0002
 3.65000000000000E+0002
 4.30000000000000E+0002
 4.94000000000000E+0002
 5.52000000000000E+0002
 6.15000000000000E+0002
 6.90000000000000E+0002
 7.68000000000000E+0002
 8.14000000000000E+0002
 8.03000000000000E+0002
 6.92000000000000E+0002
 5.01000000000000E+0002
 2.71000000000000E+0002
-6.50000000000000E+0001
-4.35000000000000E+0002
-7.80000000000000E+0002
-1.00200000000000E+0003
-1.05500000000000E+0003
-1.00800000000000E+0003
-9.14000000000000E+0002
-7.80000000000000E+0002
-6.22000000000000E+0002
-4.84000000000000E+0002
-3.73000000000000E+0002
-2.92000000000000E+0002
-2.14000000000000E+0002
-1.41000000000000E+0002
-5.10000000000000E+0001
 3.20000000000000E+0001
 1.19000000000000E+0002
 1.97000000000000E+0002
 2.59000000000000E+0002
 3.26000000000000E+0002
 3.80000000000000E+0002
 4.27000000000000E+0002
 4.57000000000000E+0002
 5.01000000000000E+0002
 5.60000000000000E+0002
 6.24000000000000E+0002
 6.88000000000000E+0002
 7.23000000000000E+0002
 7.46000000000000E+0002
 7.18000000000000E+0002
 6.40000000000000E+0002
 4.06000000000000E+0002
 4.00000000000000E+0001
-4.08000000000000E+0002
-8.35000000000000E+0002
-1.09700000000000E+0003
-1.15600000000000E+0003
-1.06300000000000E+0003
-9.03000000000000E+0002
-7.27000000000000E+0002
-5.67000000000000E+0002
-4.42000000000000E+0002
-3.50000000000000E+0002
-2.76000000000000E+0002
-1.91000000000000E+0002
-9.90000000000000E+0001
-2.10000000000000E+0001
 5.90000000000000E+0001
 1.33000000000000E+0002
 2.10000000000000E+0002
 3.01000000000000E+0002
 4.04000000000000E+0002
 5.15000000000000E+0002
 6.63000000000000E+0002
 7.87000000000000E+0002
 8.31000000000000E+0002
 7.68000000000000E+0002
 5.85000000000000E+0002
 3.13000000000000E+0002
-1.17000000000000E+0002
-5.71000000000000E+0002
-9.56000000000000E+0002
-1.10400000000000E+0003
-1.07200000000000E+0003
-9.40000000000000E+0002
-7.78000000000000E+0002
-6.01000000000000E+0002
-4.20000000000000E+0002
-2.60000000000000E+0002
-1.46000000000000E+0002
-6.70000000000000E+0001
-7.00000000000000E+0000
 5.10000000000000E+0001
 1.21000000000000E+0002
 1.93000000000000E+0002
 2.54000000000000E+0002
 3.14000000000000E+0002
 3.68000000000000E+0002
 4.19000000000000E+0002
 4.70000000000000E+0002
 5.15000000000000E+0002
 5.54000000000000E+0002
 5.89000000000000E+0002
 6.34000000000000E+0002
 7.13000000000000E+0002
 8.12000000000000E+0002
 9.09000000000000E+0002
 9.22000000000000E+0002
 8.21000000000000E+0002
 6.37000000000000E+0002
 3.68000000000000E+0002
 1.20000000000000E+0001
-4.16000000000000E+0002
-8.08000000000000E+0002
-1.05500000000000E+0003
-1.11500000000000E+0003
-1.04900000000000E+0003
-9.31000000000000E+0002
-7.88000000000000E+0002
-6.37000000000000E+0002
-4.83000000000000E+0002
-3.78000000000000E+0002
-2.81000000000000E+0002
-2.17000000000000E+0002
-1.28000000000000E+0002
-5.10000000000000E+0001
 3.20000000000000E+0001
 1.08000000000000E+0002
 1.78000000000000E+0002
 2.45000000000000E+0002
 3.01000000000000E+0002
 3.53000000000000E+0002
 3.97000000000000E+0002
 4.41000000000000E+0002
 4.92000000000000E+0002
 5.52000000000000E+0002
 6.07000000000000E+0002
 6.57000000000000E+0002
 7.03000000000000E+0002
 7.52000000000000E+0002
 7.81000000000000E+0002
 7.26000000000000E+0002
 5.25000000000000E+0002
 2.07000000000000E+0002
-2.79000000000000E+0002
-7.18000000000000E+0002
-1.06300000000000E+0003
-1.17600000000000E+0003
-1.11900000000000E+0003
-9.75000000000000E+0002
-8.00000000000000E+0002
-6.39000000000000E+0002
-5.10000000000000E+0002
-4.07000000000000E+0002
-3.27000000000000E+0002
-2.39000000000000E+0002
-1.47000000000000E+0002
-6.80000000000000E+0001
 1.80000000000000E+0001
 1.01000000000000E+0002
 1.85000000000000E+0002
 2.71000000000000E+0002
 3.64000000000000E+0002
 4.70000000000000E+0002
 6.05000000000000E+0002
 7.63000000000000E+0002
 8.31000000000000E+0002
 8.15000000000000E+0002
 6.67000000000000E+0002
 4.29000000000000E+0002
 5.80000000000000E+0001
-4.06000000000000E+0002
-8.62000000000000E+0002
-1.13500000000000E+0003
-1.17600000000000E+0003
-1.07900000000000E+0003
-9.26000000000000E+0002
-7.57000000000000E+0002
-5.79000000000000E+0002
-3.99000000000000E+0002
-2.67000000000000E+0002
-1.69000000000000E+0002
-1.04000000000000E+0002
-4.10000000000000E+0001
 3.20000000000000E+0001
 1.11000000000000E+0002
 1.81000000000000E+0002
 2.52000000000000E+0002
 3.04000000000000E+0002
 3.58000000000000E+0002
 4.10000000000000E+0002
 4.53000000000000E+0002
 4.94000000000000E+0002
 5.33000000000000E+0002
 5.75000000000000E+0002
 6.17000000000000E+0002
 6.89000000000000E+0002
 7.83000000000000E+0002
 8.81000000000000E+0002
 9.03000000000000E+0002
 8.35000000000000E+0002
 6.63000000000000E+0002
 3.97000000000000E+0002
 2.10000000000000E+0001
-4.38000000000000E+0002
-8.52000000000000E+0002
-1.11300000000000E+0003
-1.15900000000000E+0003
-1.08200000000000E+0003
-9.49000000000000E+0002
-7.91000000000000E+0002
-6.18000000000000E+0002
-4.75000000000000E+0002
-3.63000000000000E+0002
-2.74000000000000E+0002
-2.00000000000000E+0002
-1.07000000000000E+0002
-1.80000000000000E+0001
 6.30000000000000E+0001
 1.36000000000000E+0002
 1.97000000000000E+0002
 2.58000000000000E+0002
 3.09000000000000E+0002
 3.62000000000000E+0002
 4.04000000000000E+0002
 4.45000000000000E+0002
 4.85000000000000E+0002
 5.35000000000000E+0002
 5.89000000000000E+0002
 6.34000000000000E+0002
 6.81000000000000E+0002
 7.29000000000000E+0002
 7.62000000000000E+0002
 7.17000000000000E+0002
 5.40000000000000E+0002
 2.49000000000000E+0002
-2.29000000000000E+0002
-6.91000000000000E+0002
-1.07500000000000E+0003
-1.22300000000000E+0003
-1.18200000000000E+0003
-1.01900000000000E+0003
-8.24000000000000E+0002
-6.38000000000000E+0002
-4.87000000000000E+0002
-3.66000000000000E+0002
-2.71000000000000E+0002
-1.75000000000000E+0002
-7.60000000000000E+0001
 1.90000000000000E+0001
 9.20000000000000E+0001
 1.73000000000000E+0002
 2.41000000000000E+0002
 3.27000000000000E+0002
 4.15000000000000E+0002
 5.20000000000000E+0002
 6.43000000000000E+0002
 8.01000000000000E+0002
 9.03000000000000E+0002
 9.12000000000000E+0002
 7.83000000000000E+0002
 5.52000000000000E+0002
 2.00000000000000E+0002
-2.70000000000000E+0002
-7.36000000000000E+0002
-1.07600000000000E+0003
-1.17200000000000E+0003
-1.10900000000000E+0003
-9.65000000000000E+0002
-7.96000000000000E+0002
-6.12000000000000E+0002
-4.26000000000000E+0002
-2.68000000000000E+0002
-1.48000000000000E+0002
-6.10000000000000E+0001
 8.00000000000000E+0000
 8.40000000000000E+0001
 1.65000000000000E+0002
 2.42000000000000E+0002
 3.16000000000000E+0002
 3.81000000000000E+0002
 4.35000000000000E+0002
 4.83000000000000E+0002
 5.21000000000000E+0002
 5.56000000000000E+0002
 5.87000000000000E+0002
 6.14000000000000E+0002
 6.42000000000000E+0002
 6.79000000000000E+0002
 7.26000000000000E+0002
 7.78000000000000E+0002
 8.20000000000000E+0002
 8.66000000000000E+0002
 9.03000000000000E+0002
 8.92000000000000E+0002
 7.78000000000000E+0002
 4.97000000000000E+0002
 7.30000000000000E+0001
-4.04000000000000E+0002
-8.38000000000000E+0002
-1.08800000000000E+0003
-1.13700000000000E+0003
-1.04400000000000E+0003
-8.83000000000000E+0002
-7.05000000000000E+0002
-5.46000000000000E+0002
-4.23000000000000E+0002
-3.21000000000000E+0002
-2.27000000000000E+0002
-1.21000000000000E+0002
-1.30000000000000E+0001
 7.50000000000000E+0001
 1.57000000000000E+0002
 2.27000000000000E+0002
 3.11000000000000E+0002
 3.92000000000000E+0002
 4.86000000000000E+0002
 6.01000000000000E+0002
 7.55000000000000E+0002
 8.98000000000000E+0002
 9.40000000000000E+0002
 8.39000000000000E+0002
 6.30000000000000E+0002
 3.40000000000000E+0002
-5.80000000000000E+0001
-4.96000000000000E+0002
-8.94000000000000E+0002
-1.10200000000000E+0003
-1.10700000000000E+0003
-9.90000000000000E+0002
-8.24000000000000E+0002
-6.27000000000000E+0002
-4.10000000000000E+0002
-2.16000000000000E+0002
-7.30000000000000E+0001
 1.00000000000000E+0001
 6.90000000000000E+0001
 1.24000000000000E+0002
 1.85000000000000E+0002
 2.51000000000000E+0002
 3.12000000000000E+0002
 3.67000000000000E+0002
 4.11000000000000E+0002
 4.53000000000000E+0002
 4.87000000000000E+0002
 5.19000000000000E+0002
 5.47000000000000E+0002
 5.68000000000000E+0002
 5.88000000000000E+0002
 6.15000000000000E+0002
 6.50000000000000E+0002
 6.94000000000000E+0002
 7.35000000000000E+0002
 7.77000000000000E+0002
 8.20000000000000E+0002
 8.62000000000000E+0002
 8.28000000000000E+0002
 6.92000000000000E+0002
 3.89000000000000E+0002
-7.10000000000000E+0001
-5.52000000000000E+0002
-9.81000000000000E+0002
-1.20600000000000E+0003
-1.23800000000000E+0003
-1.10000000000000E+0003
-9.20000000000000E+0002
-7.32000000000000E+0002
-5.72000000000000E+0002
-4.64000000000000E+0002
-3.52000000000000E+0002
-2.66000000000000E+0002
-1.67000000000000E+0002
-6.90000000000000E+0001
 1.10000000000000E+0001
 9.70000000000000E+0001
 1.75000000000000E+0002
 2.43000000000000E+0002
 3.10000000000000E+0002
 3.77000000000000E+0002
 4.52000000000000E+0002
 5.39000000000000E+0002
 6.54000000000000E+0002
 7.76000000000000E+0002
 8.70000000000000E+0002
 8.49000000000000E+0002
 7.15000000000000E+0002
 4.99000000000000E+0002
 2.07000000000000E+0002
-2.08000000000000E+0002
-6.45000000000000E+0002
-1.01000000000000E+0003
-1.16300000000000E+0003
-1.13900000000000E+0003
-1.01600000000000E+0003
-8.39000000000000E+0002
-6.50000000000000E+0002
-4.55000000000000E+0002
-2.95000000000000E+0002
-1.95000000000000E+0002
-1.15000000000000E+0002
-5.80000000000000E+0001
 1.10000000000000E+0001
 9.40000000000000E+0001
 1.62000000000000E+0002
 2.24000000000000E+0002
 2.90000000000000E+0002
 3.37000000000000E+0002
 3.80000000000000E+0002
 4.08000000000000E+0002
 4.48000000000000E+0002
 4.79000000000000E+0002
 5.23000000000000E+0002
 5.72000000000000E+0002
 6.23000000000000E+0002
 6.81000000000000E+0002
 7.19000000000000E+0002
 7.50000000000000E+0002
 7.78000000000000E+0002
 7.47000000000000E+0002
 5.64000000000000E+0002
 2.46000000000000E+0002
-2.94000000000000E+0002
-8.16000000000000E+0002
-1.21400000000000E+0003
-1.34100000000000E+0003
-1.27000000000000E+0003
-1.09800000000000E+0003
-9.10000000000000E+0002
-7.22000000000000E+0002
-5.70000000000000E+0002
-4.62000000000000E+0002
-3.80000000000000E+0002
-3.00000000000000E+0002
-2.15000000000000E+0002
-1.22000000000000E+0002
-4.40000000000000E+0001
 3.50000000000000E+0001
 1.11000000000000E+0002
 1.91000000000000E+0002
 2.70000000000000E+0002
 3.49000000000000E+0002
 4.35000000000000E+0002
 5.69000000000000E+0002
 7.07000000000000E+0002
 7.65000000000000E+0002
 7.15000000000000E+0002
 5.54000000000000E+0002
 3.06000000000000E+0002
-6.90000000000000E+0001
-5.36000000000000E+0002
-9.71000000000000E+0002
-1.21400000000000E+0003
-1.24100000000000E+0003
-1.14300000000000E+0003
-9.97000000000000E+0002
-8.23000000000000E+0002
-6.39000000000000E+0002
-4.61000000000000E+0002
-3.24000000000000E+0002
-2.29000000000000E+0002
-1.59000000000000E+0002
-9.10000000000000E+0001
-2.70000000000000E+0001
 6.40000000000000E+0001
 1.19000000000000E+0002
 2.04000000000000E+0002
 2.50000000000000E+0002
 3.11000000000000E+0002
 3.70000000000000E+0002
 4.06000000000000E+0002
 4.46000000000000E+0002
 4.92000000000000E+0002
 5.33000000000000E+0002
 5.96000000000000E+0002
 6.68000000000000E+0002
 7.50000000000000E+0002
 8.00000000000000E+0002
 8.06000000000000E+0002
 6.98000000000000E+0002
 5.30000000000000E+0002
 2.83000000000000E+0002
-4.50000000000000E+0001
-4.39000000000000E+0002
-8.05000000000000E+0002
-1.06900000000000E+0003
-1.15800000000000E+0003
-1.12300000000000E+0003
-1.02200000000000E+0003
-8.71000000000000E+0002
-6.98000000000000E+0002
-5.32000000000000E+0002
-4.06000000000000E+0002
-3.02000000000000E+0002
-2.21000000000000E+0002
-1.34000000000000E+0002
-4.00000000000000E+0001
 4.40000000000000E+0001
 1.13000000000000E+0002
 1.71000000000000E+0002
 2.26000000000000E+0002
 2.64000000000000E+0002
 3.17000000000000E+0002
 3.53000000000000E+0002
 3.89000000000000E+0002
 4.17000000000000E+0002
 4.58000000000000E+0002
 5.28000000000000E+0002
 5.94000000000000E+0002
 6.53000000000000E+0002
 6.88000000000000E+0002
 7.20000000000000E+0002
 7.07000000000000E+0002
 6.24000000000000E+0002
 3.78000000000000E+0002
-1.20000000000000E+0001
-4.68000000000000E+0002
-9.18000000000000E+0002
-1.17500000000000E+0003
-1.23400000000000E+0003
-1.13500000000000E+0003
-9.59000000000000E+0002
-7.74000000000000E+0002
-5.89000000000000E+0002
-4.60000000000000E+0002
-3.64000000000000E+0002
-2.90000000000000E+0002
-2.08000000000000E+0002
-1.14000000000000E+0002
-3.20000000000000E+0001
 3.90000000000000E+0001
 1.01000000000000E+0002
 1.55000000000000E+0002
 2.09000000000000E+0002
 2.69000000000000E+0002
 3.32000000000000E+0002
 3.93000000000000E+0002
 4.91000000000000E+0002
 5.95000000000000E+0002
 7.30000000000000E+0002
 7.87000000000000E+0002
 7.97000000000000E+0002
 7.09000000000000E+0002
 5.18000000000000E+0002
 1.58000000000000E+0002
-3.39000000000000E+0002
-8.45000000000000E+0002
-1.17100000000000E+0003
-1.24100000000000E+0003
-1.15700000000000E+0003
-9.96000000000000E+0002
-8.23000000000000E+0002
-6.36000000000000E+0002
-4.62000000000000E+0002
-3.25000000000000E+0002
-2.36000000000000E+0002
-1.65000000000000E+0002
-8.80000000000000E+0001
-1.50000000000000E+0001
 7.70000000000000E+0001
 1.45000000000000E+0002
 2.11000000000000E+0002
 2.70000000000000E+0002
 3.32000000000000E+0002
 3.76000000000000E+0002
 4.30000000000000E+0002
 4.71000000000000E+0002
 5.16000000000000E+0002
 5.66000000000000E+0002
 6.09000000000000E+0002
 6.67000000000000E+0002
 6.91000000000000E+0002
 6.65000000000000E+0002
 5.70000000000000E+0002
 4.06000000000000E+0002
 1.88000000000000E+0002
-1.09000000000000E+0002
-4.67000000000000E+0002
-7.93000000000000E+0002
-1.01100000000000E+0003
-1.07900000000000E+0003
-1.04500000000000E+0003
-9.52000000000000E+0002
-8.06000000000000E+0002
-6.39000000000000E+0002
-4.87000000000000E+0002
-3.66000000000000E+0002
-2.82000000000000E+0002
-2.04000000000000E+0002
-1.27000000000000E+0002
-3.70000000000000E+0001
 4.40000000000000E+0001
 1.18000000000000E+0002
 1.87000000000000E+0002
 2.45000000000000E+0002
 2.98000000000000E+0002
 3.36000000000000E+0002
 3.59000000000000E+0002
 4.09000000000000E+0002
 4.34000000000000E+0002
 4.77000000000000E+0002
 4.96000000000000E+0002
 5.31000000000000E+0002
 5.76000000000000E+0002
 6.24000000000000E+0002
 6.73000000000000E+0002
 7.27000000000000E+0002
 7.68000000000000E+0002
 7.08000000000000E+0002
 4.98000000000000E+0002
 1.66000000000000E+0002
-3.22000000000000E+0002
-7.67000000000000E+0002
-1.12000000000000E+0003
-1.23800000000000E+0003
-1.17700000000000E+0003
-1.02500000000000E+0003
-8.23000000000000E+0002
-6.47000000000000E+0002
-5.15000000000000E+0002
-4.18000000000000E+0002
-3.41000000000000E+0002
-2.54000000000000E+0002
-1.61000000000000E+0002
-7.00000000000000E+0001
 9.00000000000000E+0000
 7.50000000000000E+0001
 1.37000000000000E+0002
 2.03000000000000E+0002
 2.73000000000000E+0002
 3.53000000000000E+0002
 4.28000000000000E+0002
 4.78000000000000E+0002
 5.12000000000000E+0002
 5.52000000000000E+0002
 6.15000000000000E+0002
 7.06000000000000E+0002
 7.47000000000000E+0002
 7.17000000000000E+0002
 5.77000000000000E+0002
 3.71000000000000E+0002
 7.10000000000000E+0001
-3.36000000000000E+0002
-7.39000000000000E+0002
-1.05600000000000E+0003
-1.18400000000000E+0003
-1.13700000000000E+0003
-1.01900000000000E+0003
-8.58000000000000E+0002
-6.92000000000000E+0002
-5.16000000000000E+0002
-3.90000000000000E+0002
-2.79000000000000E+0002
-1.95000000000000E+0002
-1.15000000000000E+0002
-1.50000000000000E+0001
 7.70000000000000E+0001
 1.49000000000000E+0002
 1.97000000000000E+0002
 2.60000000000000E+0002
 3.07000000000000E+0002
 3.48000000000000E+0002
 3.75000000000000E+0002
 3.89000000000000E+0002
 3.98000000000000E+0002
 4.07000000000000E+0002
 4.55000000000000E+0002
 5.20000000000000E+0002
 5.84000000000000E+0002
 6.40000000000000E+0002
 6.85000000000000E+0002
 7.32000000000000E+0002
 7.12000000000000E+0002
 6.09000000000000E+0002
 3.56000000000000E+0002
-9.10000000000000E+0001
-5.42000000000000E+0002
-9.81000000000000E+0002
-1.18000000000000E+0003
-1.20300000000000E+0003
-1.07500000000000E+0003
-8.83000000000000E+0002
-6.94000000000000E+0002
-5.15000000000000E+0002
-3.89000000000000E+0002
-2.95000000000000E+0002
-2.17000000000000E+0002
-1.26000000000000E+0002
-3.90000000000000E+0001
 4.40000000000000E+0001
 1.31000000000000E+0002
 1.88000000000000E+0002
 2.56000000000000E+0002
 3.12000000000000E+0002
 3.74000000000000E+0002
 4.41000000000000E+0002
 4.73000000000000E+0002
 5.01000000000000E+0002
 5.20000000000000E+0002
 5.79000000000000E+0002
 6.59000000000000E+0002
 7.49000000000000E+0002
 7.85000000000000E+0002
 7.01000000000000E+0002
 5.54000000000000E+0002
 2.94000000000000E+0002
-5.00000000000000E+0001
-4.63000000000000E+0002
-8.44000000000000E+0002
-1.06000000000000E+0003
-1.08700000000000E+0003
-9.89000000000000E+0002
-8.40000000000000E+0002
-6.71000000000000E+0002
-5.01000000000000E+0002
-3.49000000000000E+0002
-2.35000000000000E+0002
-1.51000000000000E+0002
-7.70000000000000E+0001
-1.00000000000000E+0000
 8.20000000000000E+0001
 1.56000000000000E+0002
 2.20000000000000E+0002
 2.66000000000000E+0002
 3.10000000000000E+0002
 3.52000000000000E+0002
 3.90000000000000E+0002
 4.17000000000000E+0002
 4.38000000000000E+0002
 4.63000000000000E+0002
 4.83000000000000E+0002
 5.21000000000000E+0002
 5.62000000000000E+0002
 6.07000000000000E+0002
 6.38000000000000E+0002
 6.89000000000000E+0002
 7.56000000000000E+0002
 8.09000000000000E+0002
 7.63000000000000E+0002
 5.63000000000000E+0002
 2.34000000000000E+0002
-2.45000000000000E+0002
-7.02000000000000E+0002
-1.05200000000000E+0003
-1.18400000000000E+0003
-1.13700000000000E+0003
-9.80000000000000E+0002
-7.90000000000000E+0002
-6.12000000000000E+0002
-4.78000000000000E+0002
-3.76000000000000E+0002
-2.96000000000000E+0002
-2.16000000000000E+0002
-1.21000000000000E+0002
-4.20000000000000E+0001
 3.60000000000000E+0001
 1.11000000000000E+0002
 1.64000000000000E+0002
 2.20000000000000E+0002
 2.72000000000000E+0002
